   * c:\users\admin\esim-workspace\battery_comparator\battery_comparator.cir
   Transient Analysis  Sun Aug 23 20:14:34  2026
--------------------------------------------------------------------------------
Index   time            v1#branch       v2#branch       
--------------------------------------------------------------------------------
0	0.000000e+00	-1.77225e-03	-1.19595e-03	
1	1.000000e-07	-1.77225e-03	-1.19595e-03	
2	2.000000e-07	-1.77225e-03	-1.19595e-03	
3	4.000000e-07	-1.77225e-03	-1.19595e-03	
4	8.000000e-07	-1.77225e-03	-1.19595e-03	
5	1.600000e-06	-1.77225e-03	-1.19595e-03	
6	3.200000e-06	-1.77225e-03	-1.19595e-03	
7	6.400000e-06	-1.77225e-03	-1.19595e-03	
8	1.280000e-05	-1.77225e-03	-1.19595e-03	
9	2.280000e-05	-1.77225e-03	-1.19595e-03	
10	3.280000e-05	-1.77225e-03	-1.19595e-03	
11	4.280000e-05	-1.77225e-03	-1.19595e-03	
12	5.280000e-05	-1.77225e-03	-1.19595e-03	
13	6.280000e-05	-1.77225e-03	-1.19595e-03	
14	7.280000e-05	-1.77225e-03	-1.19595e-03	
15	8.280000e-05	-1.77225e-03	-1.19595e-03	
16	9.280000e-05	-1.77225e-03	-1.19595e-03	
17	1.028000e-04	-1.77225e-03	-1.19595e-03	
18	1.128000e-04	-1.77225e-03	-1.19595e-03	
19	1.228000e-04	-1.77225e-03	-1.19595e-03	
20	1.328000e-04	-1.77225e-03	-1.19595e-03	
21	1.428000e-04	-1.77225e-03	-1.19595e-03	
22	1.528000e-04	-1.77225e-03	-1.19595e-03	
23	1.628000e-04	-1.77225e-03	-1.19595e-03	
24	1.728000e-04	-1.77225e-03	-1.19595e-03	
25	1.828000e-04	-1.77225e-03	-1.19595e-03	
26	1.928000e-04	-1.77225e-03	-1.19595e-03	
27	2.028000e-04	-1.77225e-03	-1.19595e-03	
28	2.128000e-04	-1.77225e-03	-1.19595e-03	
29	2.228000e-04	-1.77225e-03	-1.19595e-03	
30	2.328000e-04	-1.77225e-03	-1.19595e-03	
31	2.428000e-04	-1.77225e-03	-1.19595e-03	
32	2.528000e-04	-1.77225e-03	-1.19595e-03	
33	2.628000e-04	-1.77225e-03	-1.19595e-03	
34	2.728000e-04	-1.77225e-03	-1.19595e-03	
35	2.828000e-04	-1.77225e-03	-1.19595e-03	
36	2.928000e-04	-1.77225e-03	-1.19595e-03	
37	3.028000e-04	-1.77225e-03	-1.19595e-03	
38	3.128000e-04	-1.77225e-03	-1.19595e-03	
39	3.228000e-04	-1.77225e-03	-1.19595e-03	
40	3.328000e-04	-1.77225e-03	-1.19595e-03	
41	3.428000e-04	-1.77225e-03	-1.19595e-03	
42	3.528000e-04	-1.77225e-03	-1.19595e-03	
43	3.628000e-04	-1.77225e-03	-1.19595e-03	
44	3.728000e-04	-1.77225e-03	-1.19595e-03	
45	3.828000e-04	-1.77225e-03	-1.19595e-03	
46	3.928000e-04	-1.77225e-03	-1.19595e-03	
47	4.028000e-04	-1.77225e-03	-1.19595e-03	
48	4.128000e-04	-1.77225e-03	-1.19595e-03	
49	4.228000e-04	-1.77225e-03	-1.19595e-03	
50	4.328000e-04	-1.77225e-03	-1.19595e-03	
51	4.428000e-04	-1.77225e-03	-1.19595e-03	
52	4.528000e-04	-1.77225e-03	-1.19595e-03	
53	4.628000e-04	-1.77225e-03	-1.19595e-03	
54	4.728000e-04	-1.77225e-03	-1.19595e-03	

Index   time            v1#branch       v2#branch       
--------------------------------------------------------------------------------
55	4.828000e-04	-1.77225e-03	-1.19595e-03	
56	4.928000e-04	-1.77225e-03	-1.19595e-03	
57	5.028000e-04	-1.77225e-03	-1.19595e-03	
58	5.128000e-04	-1.77225e-03	-1.19595e-03	
59	5.228000e-04	-1.77225e-03	-1.19595e-03	
60	5.328000e-04	-1.77225e-03	-1.19595e-03	
61	5.428000e-04	-1.77225e-03	-1.19595e-03	
62	5.528000e-04	-1.77225e-03	-1.19595e-03	
63	5.628000e-04	-1.77225e-03	-1.19595e-03	
64	5.728000e-04	-1.77225e-03	-1.19595e-03	
65	5.828000e-04	-1.77225e-03	-1.19595e-03	
66	5.928000e-04	-1.77225e-03	-1.19595e-03	
67	6.028000e-04	-1.77225e-03	-1.19595e-03	
68	6.128000e-04	-1.77225e-03	-1.19595e-03	
69	6.228000e-04	-1.77225e-03	-1.19595e-03	
70	6.328000e-04	-1.77225e-03	-1.19595e-03	
71	6.428000e-04	-1.77225e-03	-1.19595e-03	
72	6.528000e-04	-1.77225e-03	-1.19595e-03	
73	6.628000e-04	-1.77225e-03	-1.19595e-03	
74	6.728000e-04	-1.77225e-03	-1.19595e-03	
75	6.828000e-04	-1.77225e-03	-1.19595e-03	
76	6.928000e-04	-1.77225e-03	-1.19595e-03	
77	7.028000e-04	-1.77225e-03	-1.19595e-03	
78	7.128000e-04	-1.77225e-03	-1.19595e-03	
79	7.228000e-04	-1.77225e-03	-1.19595e-03	
80	7.328000e-04	-1.77225e-03	-1.19595e-03	
81	7.428000e-04	-1.77225e-03	-1.19595e-03	
82	7.528000e-04	-1.77225e-03	-1.19595e-03	
83	7.628000e-04	-1.77225e-03	-1.19595e-03	
84	7.728000e-04	-1.77225e-03	-1.19595e-03	
85	7.828000e-04	-1.77225e-03	-1.19595e-03	
86	7.928000e-04	-1.77225e-03	-1.19595e-03	
87	8.028000e-04	-1.77225e-03	-1.19595e-03	
88	8.128000e-04	-1.77225e-03	-1.19595e-03	
89	8.228000e-04	-1.77225e-03	-1.19595e-03	
90	8.328000e-04	-1.77225e-03	-1.19595e-03	
91	8.428000e-04	-1.77225e-03	-1.19595e-03	
92	8.528000e-04	-1.77225e-03	-1.19595e-03	
93	8.628000e-04	-1.77225e-03	-1.19595e-03	
94	8.728000e-04	-1.77225e-03	-1.19595e-03	
95	8.828000e-04	-1.77225e-03	-1.19595e-03	
96	8.928000e-04	-1.77225e-03	-1.19595e-03	
97	9.028000e-04	-1.77225e-03	-1.19595e-03	
98	9.128000e-04	-1.77225e-03	-1.19595e-03	
99	9.228000e-04	-1.77225e-03	-1.19595e-03	
100	9.328000e-04	-1.77225e-03	-1.19595e-03	
101	9.428000e-04	-1.77225e-03	-1.19595e-03	
102	9.528000e-04	-1.77225e-03	-1.19595e-03	
103	9.628000e-04	-1.77225e-03	-1.19595e-03	
104	9.728000e-04	-1.77225e-03	-1.19595e-03	
105	9.828000e-04	-1.77225e-03	-1.19595e-03	
106	9.928000e-04	-1.77225e-03	-1.19595e-03	
107	1.002800e-03	-1.77225e-03	-1.19595e-03	
108	1.012800e-03	-1.77225e-03	-1.19595e-03	
109	1.022800e-03	-1.77225e-03	-1.19595e-03	
110	1.032800e-03	-1.77225e-03	-1.19595e-03	
111	1.042800e-03	-1.77225e-03	-1.19595e-03	
112	1.052800e-03	-1.77225e-03	-1.19595e-03	

Index   time            v1#branch       v2#branch       
--------------------------------------------------------------------------------
113	1.062800e-03	-1.77225e-03	-1.19595e-03	
114	1.072800e-03	-1.77225e-03	-1.19595e-03	
115	1.082800e-03	-1.77225e-03	-1.19595e-03	
116	1.092800e-03	-1.77225e-03	-1.19595e-03	
117	1.102800e-03	-1.77225e-03	-1.19595e-03	
118	1.112800e-03	-1.77225e-03	-1.19595e-03	
119	1.122800e-03	-1.77225e-03	-1.19595e-03	
120	1.132800e-03	-1.77225e-03	-1.19595e-03	
121	1.142800e-03	-1.77225e-03	-1.19595e-03	
122	1.152800e-03	-1.77225e-03	-1.19595e-03	
123	1.162800e-03	-1.77225e-03	-1.19595e-03	
124	1.172800e-03	-1.77225e-03	-1.19595e-03	
125	1.182800e-03	-1.77225e-03	-1.19595e-03	
126	1.192800e-03	-1.77225e-03	-1.19595e-03	
127	1.202800e-03	-1.77225e-03	-1.19595e-03	
128	1.212800e-03	-1.77225e-03	-1.19595e-03	
129	1.222800e-03	-1.77225e-03	-1.19595e-03	
130	1.232800e-03	-1.77225e-03	-1.19595e-03	
131	1.242800e-03	-1.77225e-03	-1.19595e-03	
132	1.252800e-03	-1.77225e-03	-1.19595e-03	
133	1.262800e-03	-1.77225e-03	-1.19595e-03	
134	1.272800e-03	-1.77225e-03	-1.19595e-03	
135	1.282800e-03	-1.77225e-03	-1.19595e-03	
136	1.292800e-03	-1.77225e-03	-1.19595e-03	
137	1.302800e-03	-1.77225e-03	-1.19595e-03	
138	1.312800e-03	-1.77225e-03	-1.19595e-03	
139	1.322800e-03	-1.77225e-03	-1.19595e-03	
140	1.332800e-03	-1.77225e-03	-1.19595e-03	
141	1.342800e-03	-1.77225e-03	-1.19595e-03	
142	1.352800e-03	-1.77225e-03	-1.19595e-03	
143	1.362800e-03	-1.77225e-03	-1.19595e-03	
144	1.372800e-03	-1.77225e-03	-1.19595e-03	
145	1.382800e-03	-1.77225e-03	-1.19595e-03	
146	1.392800e-03	-1.77225e-03	-1.19595e-03	
147	1.402800e-03	-1.77225e-03	-1.19595e-03	
148	1.412800e-03	-1.77225e-03	-1.19595e-03	
149	1.422800e-03	-1.77225e-03	-1.19595e-03	
150	1.432800e-03	-1.77225e-03	-1.19595e-03	
151	1.442800e-03	-1.77225e-03	-1.19595e-03	
152	1.452800e-03	-1.77225e-03	-1.19595e-03	
153	1.462800e-03	-1.77225e-03	-1.19595e-03	
154	1.472800e-03	-1.77225e-03	-1.19595e-03	
155	1.482800e-03	-1.77225e-03	-1.19595e-03	
156	1.492800e-03	-1.77225e-03	-1.19595e-03	
157	1.502800e-03	-1.77225e-03	-1.19595e-03	
158	1.512800e-03	-1.77225e-03	-1.19595e-03	
159	1.522800e-03	-1.77225e-03	-1.19595e-03	
160	1.532800e-03	-1.77225e-03	-1.19595e-03	
161	1.542800e-03	-1.77225e-03	-1.19595e-03	
162	1.552800e-03	-1.77225e-03	-1.19595e-03	
163	1.562800e-03	-1.77225e-03	-1.19595e-03	
164	1.572800e-03	-1.77225e-03	-1.19595e-03	
165	1.582800e-03	-1.77225e-03	-1.19595e-03	
166	1.592800e-03	-1.77225e-03	-1.19595e-03	
167	1.602800e-03	-1.77225e-03	-1.19595e-03	
168	1.612800e-03	-1.77225e-03	-1.19595e-03	
169	1.622800e-03	-1.77225e-03	-1.19595e-03	
170	1.632800e-03	-1.77225e-03	-1.19595e-03	

Index   time            v1#branch       v2#branch       
--------------------------------------------------------------------------------
171	1.642800e-03	-1.77225e-03	-1.19595e-03	
172	1.652800e-03	-1.77225e-03	-1.19595e-03	
173	1.662800e-03	-1.77225e-03	-1.19595e-03	
174	1.672800e-03	-1.77225e-03	-1.19595e-03	
175	1.682800e-03	-1.77225e-03	-1.19595e-03	
176	1.692800e-03	-1.77225e-03	-1.19595e-03	
177	1.702800e-03	-1.77225e-03	-1.19595e-03	
178	1.712800e-03	-1.77225e-03	-1.19595e-03	
179	1.722800e-03	-1.77225e-03	-1.19595e-03	
180	1.732800e-03	-1.77225e-03	-1.19595e-03	
181	1.742800e-03	-1.77225e-03	-1.19595e-03	
182	1.752800e-03	-1.77225e-03	-1.19595e-03	
183	1.762800e-03	-1.77225e-03	-1.19595e-03	
184	1.772800e-03	-1.77225e-03	-1.19595e-03	
185	1.782800e-03	-1.77225e-03	-1.19595e-03	
186	1.792800e-03	-1.77225e-03	-1.19595e-03	
187	1.802800e-03	-1.77225e-03	-1.19595e-03	
188	1.812800e-03	-1.77225e-03	-1.19595e-03	
189	1.822800e-03	-1.77225e-03	-1.19595e-03	
190	1.832800e-03	-1.77225e-03	-1.19595e-03	
191	1.842800e-03	-1.77225e-03	-1.19595e-03	
192	1.852800e-03	-1.77225e-03	-1.19595e-03	
193	1.862800e-03	-1.77225e-03	-1.19595e-03	
194	1.872800e-03	-1.77225e-03	-1.19595e-03	
195	1.882800e-03	-1.77225e-03	-1.19595e-03	
196	1.892800e-03	-1.77225e-03	-1.19595e-03	
197	1.902800e-03	-1.77225e-03	-1.19595e-03	
198	1.912800e-03	-1.77225e-03	-1.19595e-03	
199	1.922800e-03	-1.77225e-03	-1.19595e-03	
200	1.932800e-03	-1.77225e-03	-1.19595e-03	
201	1.942800e-03	-1.77225e-03	-1.19595e-03	
202	1.952800e-03	-1.77225e-03	-1.19595e-03	
203	1.962800e-03	-1.77225e-03	-1.19595e-03	
204	1.972800e-03	-1.77225e-03	-1.19595e-03	
205	1.982800e-03	-1.77225e-03	-1.19595e-03	
206	1.992800e-03	-1.77225e-03	-1.19595e-03	
207	2.002800e-03	-1.77225e-03	-1.19595e-03	
208	2.012800e-03	-1.77225e-03	-1.19595e-03	
209	2.022800e-03	-1.77225e-03	-1.19595e-03	
210	2.032800e-03	-1.77225e-03	-1.19595e-03	
211	2.042800e-03	-1.77225e-03	-1.19595e-03	
212	2.052800e-03	-1.77225e-03	-1.19595e-03	
213	2.062800e-03	-1.77225e-03	-1.19595e-03	
214	2.072800e-03	-1.77225e-03	-1.19595e-03	
215	2.082800e-03	-1.77225e-03	-1.19595e-03	
216	2.092800e-03	-1.77225e-03	-1.19595e-03	
217	2.102800e-03	-1.77225e-03	-1.19595e-03	
218	2.112800e-03	-1.77225e-03	-1.19595e-03	
219	2.122800e-03	-1.77225e-03	-1.19595e-03	
220	2.132800e-03	-1.77225e-03	-1.19595e-03	
221	2.142800e-03	-1.77225e-03	-1.19595e-03	
222	2.152800e-03	-1.77225e-03	-1.19595e-03	
223	2.162800e-03	-1.77225e-03	-1.19595e-03	
224	2.172800e-03	-1.77225e-03	-1.19595e-03	
225	2.182800e-03	-1.77225e-03	-1.19595e-03	
226	2.192800e-03	-1.77225e-03	-1.19595e-03	
227	2.202800e-03	-1.77225e-03	-1.19595e-03	
228	2.212800e-03	-1.77225e-03	-1.19595e-03	

Index   time            v1#branch       v2#branch       
--------------------------------------------------------------------------------
229	2.222800e-03	-1.77225e-03	-1.19595e-03	
230	2.232800e-03	-1.77225e-03	-1.19595e-03	
231	2.242800e-03	-1.77225e-03	-1.19595e-03	
232	2.252800e-03	-1.77225e-03	-1.19595e-03	
233	2.262800e-03	-1.77225e-03	-1.19595e-03	
234	2.272800e-03	-1.77225e-03	-1.19595e-03	
235	2.282800e-03	-1.77225e-03	-1.19595e-03	
236	2.292800e-03	-1.77225e-03	-1.19595e-03	
237	2.302800e-03	-1.77225e-03	-1.19595e-03	
238	2.312800e-03	-1.77225e-03	-1.19595e-03	
239	2.322800e-03	-1.77225e-03	-1.19595e-03	
240	2.332800e-03	-1.77225e-03	-1.19595e-03	
241	2.342800e-03	-1.77225e-03	-1.19595e-03	
242	2.352800e-03	-1.77225e-03	-1.19595e-03	
243	2.362800e-03	-1.77225e-03	-1.19595e-03	
244	2.372800e-03	-1.77225e-03	-1.19595e-03	
245	2.382800e-03	-1.77225e-03	-1.19595e-03	
246	2.392800e-03	-1.77225e-03	-1.19595e-03	
247	2.402800e-03	-1.77225e-03	-1.19595e-03	
248	2.412800e-03	-1.77225e-03	-1.19595e-03	
249	2.422800e-03	-1.77225e-03	-1.19595e-03	
250	2.432800e-03	-1.77225e-03	-1.19595e-03	
251	2.442800e-03	-1.77225e-03	-1.19595e-03	
252	2.452800e-03	-1.77225e-03	-1.19595e-03	
253	2.462800e-03	-1.77225e-03	-1.19595e-03	
254	2.472800e-03	-1.77225e-03	-1.19595e-03	
255	2.482800e-03	-1.77225e-03	-1.19595e-03	
256	2.492800e-03	-1.77225e-03	-1.19595e-03	
257	2.502800e-03	-1.77225e-03	-1.19595e-03	
258	2.512800e-03	-1.77225e-03	-1.19595e-03	
259	2.522800e-03	-1.77225e-03	-1.19595e-03	
260	2.532800e-03	-1.77225e-03	-1.19595e-03	
261	2.542800e-03	-1.77225e-03	-1.19595e-03	
262	2.552800e-03	-1.77225e-03	-1.19595e-03	
263	2.562800e-03	-1.77225e-03	-1.19595e-03	
264	2.572800e-03	-1.77225e-03	-1.19595e-03	
265	2.582800e-03	-1.77225e-03	-1.19595e-03	
266	2.592800e-03	-1.77225e-03	-1.19595e-03	
267	2.602800e-03	-1.77225e-03	-1.19595e-03	
268	2.612800e-03	-1.77225e-03	-1.19595e-03	
269	2.622800e-03	-1.77225e-03	-1.19595e-03	
270	2.632800e-03	-1.77225e-03	-1.19595e-03	
271	2.642800e-03	-1.77225e-03	-1.19595e-03	
272	2.652800e-03	-1.77225e-03	-1.19595e-03	
273	2.662800e-03	-1.77225e-03	-1.19595e-03	
274	2.672800e-03	-1.77225e-03	-1.19595e-03	
275	2.682800e-03	-1.77225e-03	-1.19595e-03	
276	2.692800e-03	-1.77225e-03	-1.19595e-03	
277	2.702800e-03	-1.77225e-03	-1.19595e-03	
278	2.712800e-03	-1.77225e-03	-1.19595e-03	
279	2.722800e-03	-1.77225e-03	-1.19595e-03	
280	2.732800e-03	-1.77225e-03	-1.19595e-03	
281	2.742800e-03	-1.77225e-03	-1.19595e-03	
282	2.752800e-03	-1.77225e-03	-1.19595e-03	
283	2.762800e-03	-1.77225e-03	-1.19595e-03	
284	2.772800e-03	-1.77225e-03	-1.19595e-03	
285	2.782800e-03	-1.77225e-03	-1.19595e-03	
286	2.792800e-03	-1.77225e-03	-1.19595e-03	

Index   time            v1#branch       v2#branch       
--------------------------------------------------------------------------------
287	2.802800e-03	-1.77225e-03	-1.19595e-03	
288	2.812800e-03	-1.77225e-03	-1.19595e-03	
289	2.822800e-03	-1.77225e-03	-1.19595e-03	
290	2.832800e-03	-1.77225e-03	-1.19595e-03	
291	2.842800e-03	-1.77225e-03	-1.19595e-03	
292	2.852800e-03	-1.77225e-03	-1.19595e-03	
293	2.862800e-03	-1.77225e-03	-1.19595e-03	
294	2.872800e-03	-1.77225e-03	-1.19595e-03	
295	2.882800e-03	-1.77225e-03	-1.19595e-03	
296	2.892800e-03	-1.77225e-03	-1.19595e-03	
297	2.902800e-03	-1.77225e-03	-1.19595e-03	
298	2.912800e-03	-1.77225e-03	-1.19595e-03	
299	2.922800e-03	-1.77225e-03	-1.19595e-03	
300	2.932800e-03	-1.77225e-03	-1.19595e-03	
301	2.942800e-03	-1.77225e-03	-1.19595e-03	
302	2.952800e-03	-1.77225e-03	-1.19595e-03	
303	2.962800e-03	-1.77225e-03	-1.19595e-03	
304	2.972800e-03	-1.77225e-03	-1.19595e-03	
305	2.982800e-03	-1.77225e-03	-1.19595e-03	
306	2.992800e-03	-1.77225e-03	-1.19595e-03	
307	3.002800e-03	-1.77225e-03	-1.19595e-03	
308	3.012800e-03	-1.77225e-03	-1.19595e-03	
309	3.022800e-03	-1.77225e-03	-1.19595e-03	
310	3.032800e-03	-1.77225e-03	-1.19595e-03	
311	3.042800e-03	-1.77225e-03	-1.19595e-03	
312	3.052800e-03	-1.77225e-03	-1.19595e-03	
313	3.062800e-03	-1.77225e-03	-1.19595e-03	
314	3.072800e-03	-1.77225e-03	-1.19595e-03	
315	3.082800e-03	-1.77225e-03	-1.19595e-03	
316	3.092800e-03	-1.77225e-03	-1.19595e-03	
317	3.102800e-03	-1.77225e-03	-1.19595e-03	
318	3.112800e-03	-1.77225e-03	-1.19595e-03	
319	3.122800e-03	-1.77225e-03	-1.19595e-03	
320	3.132800e-03	-1.77225e-03	-1.19595e-03	
321	3.142800e-03	-1.77225e-03	-1.19595e-03	
322	3.152800e-03	-1.77225e-03	-1.19595e-03	
323	3.162800e-03	-1.77225e-03	-1.19595e-03	
324	3.172800e-03	-1.77225e-03	-1.19595e-03	
325	3.182800e-03	-1.77225e-03	-1.19595e-03	
326	3.192800e-03	-1.77225e-03	-1.19595e-03	
327	3.202800e-03	-1.77225e-03	-1.19595e-03	
328	3.212800e-03	-1.77225e-03	-1.19595e-03	
329	3.222800e-03	-1.77225e-03	-1.19595e-03	
330	3.232800e-03	-1.77225e-03	-1.19595e-03	
331	3.242800e-03	-1.77225e-03	-1.19595e-03	
332	3.252800e-03	-1.77225e-03	-1.19595e-03	
333	3.262800e-03	-1.77225e-03	-1.19595e-03	
334	3.272800e-03	-1.77225e-03	-1.19595e-03	
335	3.282800e-03	-1.77225e-03	-1.19595e-03	
336	3.292800e-03	-1.77225e-03	-1.19595e-03	
337	3.302800e-03	-1.77225e-03	-1.19595e-03	
338	3.312800e-03	-1.77225e-03	-1.19595e-03	
339	3.322800e-03	-1.77225e-03	-1.19595e-03	
340	3.332800e-03	-1.77225e-03	-1.19595e-03	
341	3.342800e-03	-1.77225e-03	-1.19595e-03	
342	3.352800e-03	-1.77225e-03	-1.19595e-03	
343	3.362800e-03	-1.77225e-03	-1.19595e-03	
344	3.372800e-03	-1.77225e-03	-1.19595e-03	

Index   time            v1#branch       v2#branch       
--------------------------------------------------------------------------------
345	3.382800e-03	-1.77225e-03	-1.19595e-03	
346	3.392800e-03	-1.77225e-03	-1.19595e-03	
347	3.402800e-03	-1.77225e-03	-1.19595e-03	
348	3.412800e-03	-1.77225e-03	-1.19595e-03	
349	3.422800e-03	-1.77225e-03	-1.19595e-03	
350	3.432800e-03	-1.77225e-03	-1.19595e-03	
351	3.442800e-03	-1.77225e-03	-1.19595e-03	
352	3.452800e-03	-1.77225e-03	-1.19595e-03	
353	3.462800e-03	-1.77225e-03	-1.19595e-03	
354	3.472800e-03	-1.77225e-03	-1.19595e-03	
355	3.482800e-03	-1.77225e-03	-1.19595e-03	
356	3.492800e-03	-1.77225e-03	-1.19595e-03	
357	3.502800e-03	-1.77225e-03	-1.19595e-03	
358	3.512800e-03	-1.77225e-03	-1.19595e-03	
359	3.522800e-03	-1.77225e-03	-1.19595e-03	
360	3.532800e-03	-1.77225e-03	-1.19595e-03	
361	3.542800e-03	-1.77225e-03	-1.19595e-03	
362	3.552800e-03	-1.77225e-03	-1.19595e-03	
363	3.562800e-03	-1.77225e-03	-1.19595e-03	
364	3.572800e-03	-1.77225e-03	-1.19595e-03	
365	3.582800e-03	-1.77225e-03	-1.19595e-03	
366	3.592800e-03	-1.77225e-03	-1.19595e-03	
367	3.602800e-03	-1.77225e-03	-1.19595e-03	
368	3.612800e-03	-1.77225e-03	-1.19595e-03	
369	3.622800e-03	-1.77225e-03	-1.19595e-03	
370	3.632800e-03	-1.77225e-03	-1.19595e-03	
371	3.642800e-03	-1.77225e-03	-1.19595e-03	
372	3.652800e-03	-1.77225e-03	-1.19595e-03	
373	3.662800e-03	-1.77225e-03	-1.19595e-03	
374	3.672800e-03	-1.77225e-03	-1.19595e-03	
375	3.682800e-03	-1.77225e-03	-1.19595e-03	
376	3.692800e-03	-1.77225e-03	-1.19595e-03	
377	3.702800e-03	-1.77225e-03	-1.19595e-03	
378	3.712800e-03	-1.77225e-03	-1.19595e-03	
379	3.722800e-03	-1.77225e-03	-1.19595e-03	
380	3.732800e-03	-1.77225e-03	-1.19595e-03	
381	3.742800e-03	-1.77225e-03	-1.19595e-03	
382	3.752800e-03	-1.77225e-03	-1.19595e-03	
383	3.762800e-03	-1.77225e-03	-1.19595e-03	
384	3.772800e-03	-1.77225e-03	-1.19595e-03	
385	3.782800e-03	-1.77225e-03	-1.19595e-03	
386	3.792800e-03	-1.77225e-03	-1.19595e-03	
387	3.802800e-03	-1.77225e-03	-1.19595e-03	
388	3.812800e-03	-1.77225e-03	-1.19595e-03	
389	3.822800e-03	-1.77225e-03	-1.19595e-03	
390	3.832800e-03	-1.77225e-03	-1.19595e-03	
391	3.842800e-03	-1.77225e-03	-1.19595e-03	
392	3.852800e-03	-1.77225e-03	-1.19595e-03	
393	3.862800e-03	-1.77225e-03	-1.19595e-03	
394	3.872800e-03	-1.77225e-03	-1.19595e-03	
395	3.882800e-03	-1.77225e-03	-1.19595e-03	
396	3.892800e-03	-1.77225e-03	-1.19595e-03	
397	3.902800e-03	-1.77225e-03	-1.19595e-03	
398	3.912800e-03	-1.77225e-03	-1.19595e-03	
399	3.922800e-03	-1.77225e-03	-1.19595e-03	
400	3.932800e-03	-1.77225e-03	-1.19595e-03	
401	3.942800e-03	-1.77225e-03	-1.19595e-03	
402	3.952800e-03	-1.77225e-03	-1.19595e-03	

Index   time            v1#branch       v2#branch       
--------------------------------------------------------------------------------
403	3.962800e-03	-1.77225e-03	-1.19595e-03	
404	3.972800e-03	-1.77225e-03	-1.19595e-03	
405	3.982800e-03	-1.77225e-03	-1.19595e-03	
406	3.992800e-03	-1.77225e-03	-1.19595e-03	
407	4.002800e-03	-1.77225e-03	-1.19595e-03	
408	4.012800e-03	-1.77225e-03	-1.19595e-03	
409	4.022800e-03	-1.77225e-03	-1.19595e-03	
410	4.032800e-03	-1.77225e-03	-1.19595e-03	
411	4.042800e-03	-1.77225e-03	-1.19595e-03	
412	4.052800e-03	-1.77225e-03	-1.19595e-03	
413	4.062800e-03	-1.77225e-03	-1.19595e-03	
414	4.072800e-03	-1.77225e-03	-1.19595e-03	
415	4.082800e-03	-1.77225e-03	-1.19595e-03	
416	4.092800e-03	-1.77225e-03	-1.19595e-03	
417	4.102800e-03	-1.77225e-03	-1.19595e-03	
418	4.112800e-03	-1.77225e-03	-1.19595e-03	
419	4.122800e-03	-1.77225e-03	-1.19595e-03	
420	4.132800e-03	-1.77225e-03	-1.19595e-03	
421	4.142800e-03	-1.77225e-03	-1.19595e-03	
422	4.152800e-03	-1.77225e-03	-1.19595e-03	
423	4.162800e-03	-1.77225e-03	-1.19595e-03	
424	4.172800e-03	-1.77225e-03	-1.19595e-03	
425	4.182800e-03	-1.77225e-03	-1.19595e-03	
426	4.192800e-03	-1.77225e-03	-1.19595e-03	
427	4.202800e-03	-1.77225e-03	-1.19595e-03	
428	4.212800e-03	-1.77225e-03	-1.19595e-03	
429	4.222800e-03	-1.77225e-03	-1.19595e-03	
430	4.232800e-03	-1.77225e-03	-1.19595e-03	
431	4.242800e-03	-1.77225e-03	-1.19595e-03	
432	4.252800e-03	-1.77225e-03	-1.19595e-03	
433	4.262800e-03	-1.77225e-03	-1.19595e-03	
434	4.272800e-03	-1.77225e-03	-1.19595e-03	
435	4.282800e-03	-1.77225e-03	-1.19595e-03	
436	4.292800e-03	-1.77225e-03	-1.19595e-03	
437	4.302800e-03	-1.77225e-03	-1.19595e-03	
438	4.312800e-03	-1.77225e-03	-1.19595e-03	
439	4.322800e-03	-1.77225e-03	-1.19595e-03	
440	4.332800e-03	-1.77225e-03	-1.19595e-03	
441	4.342800e-03	-1.77225e-03	-1.19595e-03	
442	4.352800e-03	-1.77225e-03	-1.19595e-03	
443	4.362800e-03	-1.77225e-03	-1.19595e-03	
444	4.372800e-03	-1.77225e-03	-1.19595e-03	
445	4.382800e-03	-1.77225e-03	-1.19595e-03	
446	4.392800e-03	-1.77225e-03	-1.19595e-03	
447	4.402800e-03	-1.77225e-03	-1.19595e-03	
448	4.412800e-03	-1.77225e-03	-1.19595e-03	
449	4.422800e-03	-1.77225e-03	-1.19595e-03	
450	4.432800e-03	-1.77225e-03	-1.19595e-03	
451	4.442800e-03	-1.77225e-03	-1.19595e-03	
452	4.452800e-03	-1.77225e-03	-1.19595e-03	
453	4.462800e-03	-1.77225e-03	-1.19595e-03	
454	4.472800e-03	-1.77225e-03	-1.19595e-03	
455	4.482800e-03	-1.77225e-03	-1.19595e-03	
456	4.492800e-03	-1.77225e-03	-1.19595e-03	
457	4.502800e-03	-1.77225e-03	-1.19595e-03	
458	4.512800e-03	-1.77225e-03	-1.19595e-03	
459	4.522800e-03	-1.77225e-03	-1.19595e-03	
460	4.532800e-03	-1.77225e-03	-1.19595e-03	

Index   time            v1#branch       v2#branch       
--------------------------------------------------------------------------------
461	4.542800e-03	-1.77225e-03	-1.19595e-03	
462	4.552800e-03	-1.77225e-03	-1.19595e-03	
463	4.562800e-03	-1.77225e-03	-1.19595e-03	
464	4.572800e-03	-1.77225e-03	-1.19595e-03	
465	4.582800e-03	-1.77225e-03	-1.19595e-03	
466	4.592800e-03	-1.77225e-03	-1.19595e-03	
467	4.602800e-03	-1.77225e-03	-1.19595e-03	
468	4.612800e-03	-1.77225e-03	-1.19595e-03	
469	4.622800e-03	-1.77225e-03	-1.19595e-03	
470	4.632800e-03	-1.77225e-03	-1.19595e-03	
471	4.642800e-03	-1.77225e-03	-1.19595e-03	
472	4.652800e-03	-1.77225e-03	-1.19595e-03	
473	4.662800e-03	-1.77225e-03	-1.19595e-03	
474	4.672800e-03	-1.77225e-03	-1.19595e-03	
475	4.682800e-03	-1.77225e-03	-1.19595e-03	
476	4.692800e-03	-1.77225e-03	-1.19595e-03	
477	4.702800e-03	-1.77225e-03	-1.19595e-03	
478	4.712800e-03	-1.77225e-03	-1.19595e-03	
479	4.722800e-03	-1.77225e-03	-1.19595e-03	
480	4.732800e-03	-1.77225e-03	-1.19595e-03	
481	4.742800e-03	-1.77225e-03	-1.19595e-03	
482	4.752800e-03	-1.77225e-03	-1.19595e-03	
483	4.762800e-03	-1.77225e-03	-1.19595e-03	
484	4.772800e-03	-1.77225e-03	-1.19595e-03	
485	4.782800e-03	-1.77225e-03	-1.19595e-03	
486	4.792800e-03	-1.77225e-03	-1.19595e-03	
487	4.802800e-03	-1.77225e-03	-1.19595e-03	
488	4.812800e-03	-1.77225e-03	-1.19595e-03	
489	4.822800e-03	-1.77225e-03	-1.19595e-03	
490	4.832800e-03	-1.77225e-03	-1.19595e-03	
491	4.842800e-03	-1.77225e-03	-1.19595e-03	
492	4.852800e-03	-1.77225e-03	-1.19595e-03	
493	4.862800e-03	-1.77225e-03	-1.19595e-03	
494	4.872800e-03	-1.77225e-03	-1.19595e-03	
495	4.882800e-03	-1.77225e-03	-1.19595e-03	
496	4.892800e-03	-1.77225e-03	-1.19595e-03	
497	4.902800e-03	-1.77225e-03	-1.19595e-03	
498	4.912800e-03	-1.77225e-03	-1.19595e-03	
499	4.922800e-03	-1.77225e-03	-1.19595e-03	
500	4.932800e-03	-1.77225e-03	-1.19595e-03	
501	4.942800e-03	-1.77225e-03	-1.19595e-03	
502	4.952800e-03	-1.77225e-03	-1.19595e-03	
503	4.962800e-03	-1.77225e-03	-1.19595e-03	
504	4.972800e-03	-1.77225e-03	-1.19595e-03	
505	4.982800e-03	-1.77225e-03	-1.19595e-03	
506	4.992800e-03	-1.77225e-03	-1.19595e-03	
507	5.002800e-03	-1.77225e-03	-1.19595e-03	
508	5.012800e-03	-1.77225e-03	-1.19595e-03	
509	5.022800e-03	-1.77225e-03	-1.19595e-03	
510	5.032800e-03	-1.77225e-03	-1.19595e-03	
511	5.042800e-03	-1.77225e-03	-1.19595e-03	
512	5.052800e-03	-1.77225e-03	-1.19595e-03	
513	5.062800e-03	-1.77225e-03	-1.19595e-03	
514	5.072800e-03	-1.77225e-03	-1.19595e-03	
515	5.082800e-03	-1.77225e-03	-1.19595e-03	
516	5.092800e-03	-1.77225e-03	-1.19595e-03	
517	5.102800e-03	-1.77225e-03	-1.19595e-03	
518	5.112800e-03	-1.77225e-03	-1.19595e-03	

Index   time            v1#branch       v2#branch       
--------------------------------------------------------------------------------
519	5.122800e-03	-1.77225e-03	-1.19595e-03	
520	5.132800e-03	-1.77225e-03	-1.19595e-03	
521	5.142800e-03	-1.77225e-03	-1.19595e-03	
522	5.152800e-03	-1.77225e-03	-1.19595e-03	
523	5.162800e-03	-1.77225e-03	-1.19595e-03	
524	5.172800e-03	-1.77225e-03	-1.19595e-03	
525	5.182800e-03	-1.77225e-03	-1.19595e-03	
526	5.192800e-03	-1.77225e-03	-1.19595e-03	
527	5.202800e-03	-1.77225e-03	-1.19595e-03	
528	5.212800e-03	-1.77225e-03	-1.19595e-03	
529	5.222800e-03	-1.77225e-03	-1.19595e-03	
530	5.232800e-03	-1.77225e-03	-1.19595e-03	
531	5.242800e-03	-1.77225e-03	-1.19595e-03	
532	5.252800e-03	-1.77225e-03	-1.19595e-03	
533	5.262800e-03	-1.77225e-03	-1.19595e-03	
534	5.272800e-03	-1.77225e-03	-1.19595e-03	
535	5.282800e-03	-1.77225e-03	-1.19595e-03	
536	5.292800e-03	-1.77225e-03	-1.19595e-03	
537	5.302800e-03	-1.77225e-03	-1.19595e-03	
538	5.312800e-03	-1.77225e-03	-1.19595e-03	
539	5.322800e-03	-1.77225e-03	-1.19595e-03	
540	5.332800e-03	-1.77225e-03	-1.19595e-03	
541	5.342800e-03	-1.77225e-03	-1.19595e-03	
542	5.352800e-03	-1.77225e-03	-1.19595e-03	
543	5.362800e-03	-1.77225e-03	-1.19595e-03	
544	5.372800e-03	-1.77225e-03	-1.19595e-03	
545	5.382800e-03	-1.77225e-03	-1.19595e-03	
546	5.392800e-03	-1.77225e-03	-1.19595e-03	
547	5.402800e-03	-1.77225e-03	-1.19595e-03	
548	5.412800e-03	-1.77225e-03	-1.19595e-03	
549	5.422800e-03	-1.77225e-03	-1.19595e-03	
550	5.432800e-03	-1.77225e-03	-1.19595e-03	
551	5.442800e-03	-1.77225e-03	-1.19595e-03	
552	5.452800e-03	-1.77225e-03	-1.19595e-03	
553	5.462800e-03	-1.77225e-03	-1.19595e-03	
554	5.472800e-03	-1.77225e-03	-1.19595e-03	
555	5.482800e-03	-1.77225e-03	-1.19595e-03	
556	5.492800e-03	-1.77225e-03	-1.19595e-03	
557	5.502800e-03	-1.77225e-03	-1.19595e-03	
558	5.512800e-03	-1.77225e-03	-1.19595e-03	
559	5.522800e-03	-1.77225e-03	-1.19595e-03	
560	5.532800e-03	-1.77225e-03	-1.19595e-03	
561	5.542800e-03	-1.77225e-03	-1.19595e-03	
562	5.552800e-03	-1.77225e-03	-1.19595e-03	
563	5.562800e-03	-1.77225e-03	-1.19595e-03	
564	5.572800e-03	-1.77225e-03	-1.19595e-03	
565	5.582800e-03	-1.77225e-03	-1.19595e-03	
566	5.592800e-03	-1.77225e-03	-1.19595e-03	
567	5.602800e-03	-1.77225e-03	-1.19595e-03	
568	5.612800e-03	-1.77225e-03	-1.19595e-03	
569	5.622800e-03	-1.77225e-03	-1.19595e-03	
570	5.632800e-03	-1.77225e-03	-1.19595e-03	
571	5.642800e-03	-1.77225e-03	-1.19595e-03	
572	5.652800e-03	-1.77225e-03	-1.19595e-03	
573	5.662800e-03	-1.77225e-03	-1.19595e-03	
574	5.672800e-03	-1.77225e-03	-1.19595e-03	
575	5.682800e-03	-1.77225e-03	-1.19595e-03	
576	5.692800e-03	-1.77225e-03	-1.19595e-03	

Index   time            v1#branch       v2#branch       
--------------------------------------------------------------------------------
577	5.702800e-03	-1.77225e-03	-1.19595e-03	
578	5.712800e-03	-1.77225e-03	-1.19595e-03	
579	5.722800e-03	-1.77225e-03	-1.19595e-03	
580	5.732800e-03	-1.77225e-03	-1.19595e-03	
581	5.742800e-03	-1.77225e-03	-1.19595e-03	
582	5.752800e-03	-1.77225e-03	-1.19595e-03	
583	5.762800e-03	-1.77225e-03	-1.19595e-03	
584	5.772800e-03	-1.77225e-03	-1.19595e-03	
585	5.782800e-03	-1.77225e-03	-1.19595e-03	
586	5.792800e-03	-1.77225e-03	-1.19595e-03	
587	5.802800e-03	-1.77225e-03	-1.19595e-03	
588	5.812800e-03	-1.77225e-03	-1.19595e-03	
589	5.822800e-03	-1.77225e-03	-1.19595e-03	
590	5.832800e-03	-1.77225e-03	-1.19595e-03	
591	5.842800e-03	-1.77225e-03	-1.19595e-03	
592	5.852800e-03	-1.77225e-03	-1.19595e-03	
593	5.862800e-03	-1.77225e-03	-1.19595e-03	
594	5.872800e-03	-1.77225e-03	-1.19595e-03	
595	5.882800e-03	-1.77225e-03	-1.19595e-03	
596	5.892800e-03	-1.77225e-03	-1.19595e-03	
597	5.902800e-03	-1.77225e-03	-1.19595e-03	
598	5.912800e-03	-1.77225e-03	-1.19595e-03	
599	5.922800e-03	-1.77225e-03	-1.19595e-03	
600	5.932800e-03	-1.77225e-03	-1.19595e-03	
601	5.942800e-03	-1.77225e-03	-1.19595e-03	
602	5.952800e-03	-1.77225e-03	-1.19595e-03	
603	5.962800e-03	-1.77225e-03	-1.19595e-03	
604	5.972800e-03	-1.77225e-03	-1.19595e-03	
605	5.982800e-03	-1.77225e-03	-1.19595e-03	
606	5.992800e-03	-1.77225e-03	-1.19595e-03	
607	6.002800e-03	-1.77225e-03	-1.19595e-03	
608	6.012800e-03	-1.77225e-03	-1.19595e-03	
609	6.022800e-03	-1.77225e-03	-1.19595e-03	
610	6.032800e-03	-1.77225e-03	-1.19595e-03	
611	6.042800e-03	-1.77225e-03	-1.19595e-03	
612	6.052800e-03	-1.77225e-03	-1.19595e-03	
613	6.062800e-03	-1.77225e-03	-1.19595e-03	
614	6.072800e-03	-1.77225e-03	-1.19595e-03	
615	6.082800e-03	-1.77225e-03	-1.19595e-03	
616	6.092800e-03	-1.77225e-03	-1.19595e-03	
617	6.102800e-03	-1.77225e-03	-1.19595e-03	
618	6.112800e-03	-1.77225e-03	-1.19595e-03	
619	6.122800e-03	-1.77225e-03	-1.19595e-03	
620	6.132800e-03	-1.77225e-03	-1.19595e-03	
621	6.142800e-03	-1.77225e-03	-1.19595e-03	
622	6.152800e-03	-1.77225e-03	-1.19595e-03	
623	6.162800e-03	-1.77225e-03	-1.19595e-03	
624	6.172800e-03	-1.77225e-03	-1.19595e-03	
625	6.182800e-03	-1.77225e-03	-1.19595e-03	
626	6.192800e-03	-1.77225e-03	-1.19595e-03	
627	6.202800e-03	-1.77225e-03	-1.19595e-03	
628	6.212800e-03	-1.77225e-03	-1.19595e-03	
629	6.222800e-03	-1.77225e-03	-1.19595e-03	
630	6.232800e-03	-1.77225e-03	-1.19595e-03	
631	6.242800e-03	-1.77225e-03	-1.19595e-03	
632	6.252800e-03	-1.77225e-03	-1.19595e-03	
633	6.262800e-03	-1.77225e-03	-1.19595e-03	
634	6.272800e-03	-1.77225e-03	-1.19595e-03	

Index   time            v1#branch       v2#branch       
--------------------------------------------------------------------------------
635	6.282800e-03	-1.77225e-03	-1.19595e-03	
636	6.292800e-03	-1.77225e-03	-1.19595e-03	
637	6.302800e-03	-1.77225e-03	-1.19595e-03	
638	6.312800e-03	-1.77225e-03	-1.19595e-03	
639	6.322800e-03	-1.77225e-03	-1.19595e-03	
640	6.332800e-03	-1.77225e-03	-1.19595e-03	
641	6.342800e-03	-1.77225e-03	-1.19595e-03	
642	6.352800e-03	-1.77225e-03	-1.19595e-03	
643	6.362800e-03	-1.77225e-03	-1.19595e-03	
644	6.372800e-03	-1.77225e-03	-1.19595e-03	
645	6.382800e-03	-1.77225e-03	-1.19595e-03	
646	6.392800e-03	-1.77225e-03	-1.19595e-03	
647	6.402800e-03	-1.77225e-03	-1.19595e-03	
648	6.412800e-03	-1.77225e-03	-1.19595e-03	
649	6.422800e-03	-1.77225e-03	-1.19595e-03	
650	6.432800e-03	-1.77225e-03	-1.19595e-03	
651	6.442800e-03	-1.77225e-03	-1.19595e-03	
652	6.452800e-03	-1.77225e-03	-1.19595e-03	
653	6.462800e-03	-1.77225e-03	-1.19595e-03	
654	6.472800e-03	-1.77225e-03	-1.19595e-03	
655	6.482800e-03	-1.77225e-03	-1.19595e-03	
656	6.492800e-03	-1.77225e-03	-1.19595e-03	
657	6.502800e-03	-1.77225e-03	-1.19595e-03	
658	6.512800e-03	-1.77225e-03	-1.19595e-03	
659	6.522800e-03	-1.77225e-03	-1.19595e-03	
660	6.532800e-03	-1.77225e-03	-1.19595e-03	
661	6.542800e-03	-1.77225e-03	-1.19595e-03	
662	6.552800e-03	-1.77225e-03	-1.19595e-03	
663	6.562800e-03	-1.77225e-03	-1.19595e-03	
664	6.572800e-03	-1.77225e-03	-1.19595e-03	
665	6.582800e-03	-1.77225e-03	-1.19595e-03	
666	6.592800e-03	-1.77225e-03	-1.19595e-03	
667	6.602800e-03	-1.77225e-03	-1.19595e-03	
668	6.612800e-03	-1.77225e-03	-1.19595e-03	
669	6.622800e-03	-1.77225e-03	-1.19595e-03	
670	6.632800e-03	-1.77225e-03	-1.19595e-03	
671	6.642800e-03	-1.77225e-03	-1.19595e-03	
672	6.652800e-03	-1.77225e-03	-1.19595e-03	
673	6.662800e-03	-1.77225e-03	-1.19595e-03	
674	6.672800e-03	-1.77225e-03	-1.19595e-03	
675	6.682800e-03	-1.77225e-03	-1.19595e-03	
676	6.692800e-03	-1.77225e-03	-1.19595e-03	
677	6.702800e-03	-1.77225e-03	-1.19595e-03	
678	6.712800e-03	-1.77225e-03	-1.19595e-03	
679	6.722800e-03	-1.77225e-03	-1.19595e-03	
680	6.732800e-03	-1.77225e-03	-1.19595e-03	
681	6.742800e-03	-1.77225e-03	-1.19595e-03	
682	6.752800e-03	-1.77225e-03	-1.19595e-03	
683	6.762800e-03	-1.77225e-03	-1.19595e-03	
684	6.772800e-03	-1.77225e-03	-1.19595e-03	
685	6.782800e-03	-1.77225e-03	-1.19595e-03	
686	6.792800e-03	-1.77225e-03	-1.19595e-03	
687	6.802800e-03	-1.77225e-03	-1.19595e-03	
688	6.812800e-03	-1.77225e-03	-1.19595e-03	
689	6.822800e-03	-1.77225e-03	-1.19595e-03	
690	6.832800e-03	-1.77225e-03	-1.19595e-03	
691	6.842800e-03	-1.77225e-03	-1.19595e-03	
692	6.852800e-03	-1.77225e-03	-1.19595e-03	

Index   time            v1#branch       v2#branch       
--------------------------------------------------------------------------------
693	6.862800e-03	-1.77225e-03	-1.19595e-03	
694	6.872800e-03	-1.77225e-03	-1.19595e-03	
695	6.882800e-03	-1.77225e-03	-1.19595e-03	
696	6.892800e-03	-1.77225e-03	-1.19595e-03	
697	6.902800e-03	-1.77225e-03	-1.19595e-03	
698	6.912800e-03	-1.77225e-03	-1.19595e-03	
699	6.922800e-03	-1.77225e-03	-1.19595e-03	
700	6.932800e-03	-1.77225e-03	-1.19595e-03	
701	6.942800e-03	-1.77225e-03	-1.19595e-03	
702	6.952800e-03	-1.77225e-03	-1.19595e-03	
703	6.962800e-03	-1.77225e-03	-1.19595e-03	
704	6.972800e-03	-1.77225e-03	-1.19595e-03	
705	6.982800e-03	-1.77225e-03	-1.19595e-03	
706	6.992800e-03	-1.77225e-03	-1.19595e-03	
707	7.002800e-03	-1.77225e-03	-1.19595e-03	
708	7.012800e-03	-1.77225e-03	-1.19595e-03	
709	7.022800e-03	-1.77225e-03	-1.19595e-03	
710	7.032800e-03	-1.77225e-03	-1.19595e-03	
711	7.042800e-03	-1.77225e-03	-1.19595e-03	
712	7.052800e-03	-1.77225e-03	-1.19595e-03	
713	7.062800e-03	-1.77225e-03	-1.19595e-03	
714	7.072800e-03	-1.77225e-03	-1.19595e-03	
715	7.082800e-03	-1.77225e-03	-1.19595e-03	
716	7.092800e-03	-1.77225e-03	-1.19595e-03	
717	7.102800e-03	-1.77225e-03	-1.19595e-03	
718	7.112800e-03	-1.77225e-03	-1.19595e-03	
719	7.122800e-03	-1.77225e-03	-1.19595e-03	
720	7.132800e-03	-1.77225e-03	-1.19595e-03	
721	7.142800e-03	-1.77225e-03	-1.19595e-03	
722	7.152800e-03	-1.77225e-03	-1.19595e-03	
723	7.162800e-03	-1.77225e-03	-1.19595e-03	
724	7.172800e-03	-1.77225e-03	-1.19595e-03	
725	7.182800e-03	-1.77225e-03	-1.19595e-03	
726	7.192800e-03	-1.77225e-03	-1.19595e-03	
727	7.202800e-03	-1.77225e-03	-1.19595e-03	
728	7.212800e-03	-1.77225e-03	-1.19595e-03	
729	7.222800e-03	-1.77225e-03	-1.19595e-03	
730	7.232800e-03	-1.77225e-03	-1.19595e-03	
731	7.242800e-03	-1.77225e-03	-1.19595e-03	
732	7.252800e-03	-1.77225e-03	-1.19595e-03	
733	7.262800e-03	-1.77225e-03	-1.19595e-03	
734	7.272800e-03	-1.77225e-03	-1.19595e-03	
735	7.282800e-03	-1.77225e-03	-1.19595e-03	
736	7.292800e-03	-1.77225e-03	-1.19595e-03	
737	7.302800e-03	-1.77225e-03	-1.19595e-03	
738	7.312800e-03	-1.77225e-03	-1.19595e-03	
739	7.322800e-03	-1.77225e-03	-1.19595e-03	
740	7.332800e-03	-1.77225e-03	-1.19595e-03	
741	7.342800e-03	-1.77225e-03	-1.19595e-03	
742	7.352800e-03	-1.77225e-03	-1.19595e-03	
743	7.362800e-03	-1.77225e-03	-1.19595e-03	
744	7.372800e-03	-1.77225e-03	-1.19595e-03	
745	7.382800e-03	-1.77225e-03	-1.19595e-03	
746	7.392800e-03	-1.77225e-03	-1.19595e-03	
747	7.402800e-03	-1.77225e-03	-1.19595e-03	
748	7.412800e-03	-1.77225e-03	-1.19595e-03	
749	7.422800e-03	-1.77225e-03	-1.19595e-03	
750	7.432800e-03	-1.77225e-03	-1.19595e-03	

Index   time            v1#branch       v2#branch       
--------------------------------------------------------------------------------
751	7.442800e-03	-1.77225e-03	-1.19595e-03	
752	7.452800e-03	-1.77225e-03	-1.19595e-03	
753	7.462800e-03	-1.77225e-03	-1.19595e-03	
754	7.472800e-03	-1.77225e-03	-1.19595e-03	
755	7.482800e-03	-1.77225e-03	-1.19595e-03	
756	7.492800e-03	-1.77225e-03	-1.19595e-03	
757	7.502800e-03	-1.77225e-03	-1.19595e-03	
758	7.512800e-03	-1.77225e-03	-1.19595e-03	
759	7.522800e-03	-1.77225e-03	-1.19595e-03	
760	7.532800e-03	-1.77225e-03	-1.19595e-03	
761	7.542800e-03	-1.77225e-03	-1.19595e-03	
762	7.552800e-03	-1.77225e-03	-1.19595e-03	
763	7.562800e-03	-1.77225e-03	-1.19595e-03	
764	7.572800e-03	-1.77225e-03	-1.19595e-03	
765	7.582800e-03	-1.77225e-03	-1.19595e-03	
766	7.592800e-03	-1.77225e-03	-1.19595e-03	
767	7.602800e-03	-1.77225e-03	-1.19595e-03	
768	7.612800e-03	-1.77225e-03	-1.19595e-03	
769	7.622800e-03	-1.77225e-03	-1.19595e-03	
770	7.632800e-03	-1.77225e-03	-1.19595e-03	
771	7.642800e-03	-1.77225e-03	-1.19595e-03	
772	7.652800e-03	-1.77225e-03	-1.19595e-03	
773	7.662800e-03	-1.77225e-03	-1.19595e-03	
774	7.672800e-03	-1.77225e-03	-1.19595e-03	
775	7.682800e-03	-1.77225e-03	-1.19595e-03	
776	7.692800e-03	-1.77225e-03	-1.19595e-03	
777	7.702800e-03	-1.77225e-03	-1.19595e-03	
778	7.712800e-03	-1.77225e-03	-1.19595e-03	
779	7.722800e-03	-1.77225e-03	-1.19595e-03	
780	7.732800e-03	-1.77225e-03	-1.19595e-03	
781	7.742800e-03	-1.77225e-03	-1.19595e-03	
782	7.752800e-03	-1.77225e-03	-1.19595e-03	
783	7.762800e-03	-1.77225e-03	-1.19595e-03	
784	7.772800e-03	-1.77225e-03	-1.19595e-03	
785	7.782800e-03	-1.77225e-03	-1.19595e-03	
786	7.792800e-03	-1.77225e-03	-1.19595e-03	
787	7.802800e-03	-1.77225e-03	-1.19595e-03	
788	7.812800e-03	-1.77225e-03	-1.19595e-03	
789	7.822800e-03	-1.77225e-03	-1.19595e-03	
790	7.832800e-03	-1.77225e-03	-1.19595e-03	
791	7.842800e-03	-1.77225e-03	-1.19595e-03	
792	7.852800e-03	-1.77225e-03	-1.19595e-03	
793	7.862800e-03	-1.77225e-03	-1.19595e-03	
794	7.872800e-03	-1.77225e-03	-1.19595e-03	
795	7.882800e-03	-1.77225e-03	-1.19595e-03	
796	7.892800e-03	-1.77225e-03	-1.19595e-03	
797	7.902800e-03	-1.77225e-03	-1.19595e-03	
798	7.912800e-03	-1.77225e-03	-1.19595e-03	
799	7.922800e-03	-1.77225e-03	-1.19595e-03	
800	7.932800e-03	-1.77225e-03	-1.19595e-03	
801	7.942800e-03	-1.77225e-03	-1.19595e-03	
802	7.952800e-03	-1.77225e-03	-1.19595e-03	
803	7.962800e-03	-1.77225e-03	-1.19595e-03	
804	7.972800e-03	-1.77225e-03	-1.19595e-03	
805	7.982800e-03	-1.77225e-03	-1.19595e-03	
806	7.992800e-03	-1.77225e-03	-1.19595e-03	
807	8.002800e-03	-1.77225e-03	-1.19595e-03	
808	8.012800e-03	-1.77225e-03	-1.19595e-03	

Index   time            v1#branch       v2#branch       
--------------------------------------------------------------------------------
809	8.022800e-03	-1.77225e-03	-1.19595e-03	
810	8.032800e-03	-1.77225e-03	-1.19595e-03	
811	8.042800e-03	-1.77225e-03	-1.19595e-03	
812	8.052800e-03	-1.77225e-03	-1.19595e-03	
813	8.062800e-03	-1.77225e-03	-1.19595e-03	
814	8.072800e-03	-1.77225e-03	-1.19595e-03	
815	8.082800e-03	-1.77225e-03	-1.19595e-03	
816	8.092800e-03	-1.77225e-03	-1.19595e-03	
817	8.102800e-03	-1.77225e-03	-1.19595e-03	
818	8.112800e-03	-1.77225e-03	-1.19595e-03	
819	8.122800e-03	-1.77225e-03	-1.19595e-03	
820	8.132800e-03	-1.77225e-03	-1.19595e-03	
821	8.142800e-03	-1.77225e-03	-1.19595e-03	
822	8.152800e-03	-1.77225e-03	-1.19595e-03	
823	8.162800e-03	-1.77225e-03	-1.19595e-03	
824	8.172800e-03	-1.77225e-03	-1.19595e-03	
825	8.182800e-03	-1.77225e-03	-1.19595e-03	
826	8.192800e-03	-1.77225e-03	-1.19595e-03	
827	8.202800e-03	-1.77225e-03	-1.19595e-03	
828	8.212800e-03	-1.77225e-03	-1.19595e-03	
829	8.222800e-03	-1.77225e-03	-1.19595e-03	
830	8.232800e-03	-1.77225e-03	-1.19595e-03	
831	8.242800e-03	-1.77225e-03	-1.19595e-03	
832	8.252800e-03	-1.77225e-03	-1.19595e-03	
833	8.262800e-03	-1.77225e-03	-1.19595e-03	
834	8.272800e-03	-1.77225e-03	-1.19595e-03	
835	8.282800e-03	-1.77225e-03	-1.19595e-03	
836	8.292800e-03	-1.77225e-03	-1.19595e-03	
837	8.302800e-03	-1.77225e-03	-1.19595e-03	
838	8.312800e-03	-1.77225e-03	-1.19595e-03	
839	8.322800e-03	-1.77225e-03	-1.19595e-03	
840	8.332800e-03	-1.77225e-03	-1.19595e-03	
841	8.342800e-03	-1.77225e-03	-1.19595e-03	
842	8.352800e-03	-1.77225e-03	-1.19595e-03	
843	8.362800e-03	-1.77225e-03	-1.19595e-03	
844	8.372800e-03	-1.77225e-03	-1.19595e-03	
845	8.382800e-03	-1.77225e-03	-1.19595e-03	
846	8.392800e-03	-1.77225e-03	-1.19595e-03	
847	8.402800e-03	-1.77225e-03	-1.19595e-03	
848	8.412800e-03	-1.77225e-03	-1.19595e-03	
849	8.422800e-03	-1.77225e-03	-1.19595e-03	
850	8.432800e-03	-1.77225e-03	-1.19595e-03	
851	8.442800e-03	-1.77225e-03	-1.19595e-03	
852	8.452800e-03	-1.77225e-03	-1.19595e-03	
853	8.462800e-03	-1.77225e-03	-1.19595e-03	
854	8.472800e-03	-1.77225e-03	-1.19595e-03	
855	8.482800e-03	-1.77225e-03	-1.19595e-03	
856	8.492800e-03	-1.77225e-03	-1.19595e-03	
857	8.502800e-03	-1.77225e-03	-1.19595e-03	
858	8.512800e-03	-1.77225e-03	-1.19595e-03	
859	8.522800e-03	-1.77225e-03	-1.19595e-03	
860	8.532800e-03	-1.77225e-03	-1.19595e-03	
861	8.542800e-03	-1.77225e-03	-1.19595e-03	
862	8.552800e-03	-1.77225e-03	-1.19595e-03	
863	8.562800e-03	-1.77225e-03	-1.19595e-03	
864	8.572800e-03	-1.77225e-03	-1.19595e-03	
865	8.582800e-03	-1.77225e-03	-1.19595e-03	
866	8.592800e-03	-1.77225e-03	-1.19595e-03	

Index   time            v1#branch       v2#branch       
--------------------------------------------------------------------------------
867	8.602800e-03	-1.77225e-03	-1.19595e-03	
868	8.612800e-03	-1.77225e-03	-1.19595e-03	
869	8.622800e-03	-1.77225e-03	-1.19595e-03	
870	8.632800e-03	-1.77225e-03	-1.19595e-03	
871	8.642800e-03	-1.77225e-03	-1.19595e-03	
872	8.652800e-03	-1.77225e-03	-1.19595e-03	
873	8.662800e-03	-1.77225e-03	-1.19595e-03	
874	8.672800e-03	-1.77225e-03	-1.19595e-03	
875	8.682800e-03	-1.77225e-03	-1.19595e-03	
876	8.692800e-03	-1.77225e-03	-1.19595e-03	
877	8.702800e-03	-1.77225e-03	-1.19595e-03	
878	8.712800e-03	-1.77225e-03	-1.19595e-03	
879	8.722800e-03	-1.77225e-03	-1.19595e-03	
880	8.732800e-03	-1.77225e-03	-1.19595e-03	
881	8.742800e-03	-1.77225e-03	-1.19595e-03	
882	8.752800e-03	-1.77225e-03	-1.19595e-03	
883	8.762800e-03	-1.77225e-03	-1.19595e-03	
884	8.772800e-03	-1.77225e-03	-1.19595e-03	
885	8.782800e-03	-1.77225e-03	-1.19595e-03	
886	8.792800e-03	-1.77225e-03	-1.19595e-03	
887	8.802800e-03	-1.77225e-03	-1.19595e-03	
888	8.812800e-03	-1.77225e-03	-1.19595e-03	
889	8.822800e-03	-1.77225e-03	-1.19595e-03	
890	8.832800e-03	-1.77225e-03	-1.19595e-03	
891	8.842800e-03	-1.77225e-03	-1.19595e-03	
892	8.852800e-03	-1.77225e-03	-1.19595e-03	
893	8.862800e-03	-1.77225e-03	-1.19595e-03	
894	8.872800e-03	-1.77225e-03	-1.19595e-03	
895	8.882800e-03	-1.77225e-03	-1.19595e-03	
896	8.892800e-03	-1.77225e-03	-1.19595e-03	
897	8.902800e-03	-1.77225e-03	-1.19595e-03	
898	8.912800e-03	-1.77225e-03	-1.19595e-03	
899	8.922800e-03	-1.77225e-03	-1.19595e-03	
900	8.932800e-03	-1.77225e-03	-1.19595e-03	
901	8.942800e-03	-1.77225e-03	-1.19595e-03	
902	8.952800e-03	-1.77225e-03	-1.19595e-03	
903	8.962800e-03	-1.77225e-03	-1.19595e-03	
904	8.972800e-03	-1.77225e-03	-1.19595e-03	
905	8.982800e-03	-1.77225e-03	-1.19595e-03	
906	8.992800e-03	-1.77225e-03	-1.19595e-03	
907	9.002800e-03	-1.77225e-03	-1.19595e-03	
908	9.012800e-03	-1.77225e-03	-1.19595e-03	
909	9.022800e-03	-1.77225e-03	-1.19595e-03	
910	9.032800e-03	-1.77225e-03	-1.19595e-03	
911	9.042800e-03	-1.77225e-03	-1.19595e-03	
912	9.052800e-03	-1.77225e-03	-1.19595e-03	
913	9.062800e-03	-1.77225e-03	-1.19595e-03	
914	9.072800e-03	-1.77225e-03	-1.19595e-03	
915	9.082800e-03	-1.77225e-03	-1.19595e-03	
916	9.092800e-03	-1.77225e-03	-1.19595e-03	
917	9.102800e-03	-1.77225e-03	-1.19595e-03	
918	9.112800e-03	-1.77225e-03	-1.19595e-03	
919	9.122800e-03	-1.77225e-03	-1.19595e-03	
920	9.132800e-03	-1.77225e-03	-1.19595e-03	
921	9.142800e-03	-1.77225e-03	-1.19595e-03	
922	9.152800e-03	-1.77225e-03	-1.19595e-03	
923	9.162800e-03	-1.77225e-03	-1.19595e-03	
924	9.172800e-03	-1.77225e-03	-1.19595e-03	

Index   time            v1#branch       v2#branch       
--------------------------------------------------------------------------------
925	9.182800e-03	-1.77225e-03	-1.19595e-03	
926	9.192800e-03	-1.77225e-03	-1.19595e-03	
927	9.202800e-03	-1.77225e-03	-1.19595e-03	
928	9.212800e-03	-1.77225e-03	-1.19595e-03	
929	9.222800e-03	-1.77225e-03	-1.19595e-03	
930	9.232800e-03	-1.77225e-03	-1.19595e-03	
931	9.242800e-03	-1.77225e-03	-1.19595e-03	
932	9.252800e-03	-1.77225e-03	-1.19595e-03	
933	9.262800e-03	-1.77225e-03	-1.19595e-03	
934	9.272800e-03	-1.77225e-03	-1.19595e-03	
935	9.282800e-03	-1.77225e-03	-1.19595e-03	
936	9.292800e-03	-1.77225e-03	-1.19595e-03	
937	9.302800e-03	-1.77225e-03	-1.19595e-03	
938	9.312800e-03	-1.77225e-03	-1.19595e-03	
939	9.322800e-03	-1.77225e-03	-1.19595e-03	
940	9.332800e-03	-1.77225e-03	-1.19595e-03	
941	9.342800e-03	-1.77225e-03	-1.19595e-03	
942	9.352800e-03	-1.77225e-03	-1.19595e-03	
943	9.362800e-03	-1.77225e-03	-1.19595e-03	
944	9.372800e-03	-1.77225e-03	-1.19595e-03	
945	9.382800e-03	-1.77225e-03	-1.19595e-03	
946	9.392800e-03	-1.77225e-03	-1.19595e-03	
947	9.402800e-03	-1.77225e-03	-1.19595e-03	
948	9.412800e-03	-1.77225e-03	-1.19595e-03	
949	9.422800e-03	-1.77225e-03	-1.19595e-03	
950	9.432800e-03	-1.77225e-03	-1.19595e-03	
951	9.442800e-03	-1.77225e-03	-1.19595e-03	
952	9.452800e-03	-1.77225e-03	-1.19595e-03	
953	9.462800e-03	-1.77225e-03	-1.19595e-03	
954	9.472800e-03	-1.77225e-03	-1.19595e-03	
955	9.482800e-03	-1.77225e-03	-1.19595e-03	
956	9.492800e-03	-1.77225e-03	-1.19595e-03	
957	9.502800e-03	-1.77225e-03	-1.19595e-03	
958	9.512800e-03	-1.77225e-03	-1.19595e-03	
959	9.522800e-03	-1.77225e-03	-1.19595e-03	
960	9.532800e-03	-1.77225e-03	-1.19595e-03	
961	9.542800e-03	-1.77225e-03	-1.19595e-03	
962	9.552800e-03	-1.77225e-03	-1.19595e-03	
963	9.562800e-03	-1.77225e-03	-1.19595e-03	
964	9.572800e-03	-1.77225e-03	-1.19595e-03	
965	9.582800e-03	-1.77225e-03	-1.19595e-03	
966	9.592800e-03	-1.77225e-03	-1.19595e-03	
967	9.602800e-03	-1.77225e-03	-1.19595e-03	
968	9.612800e-03	-1.77225e-03	-1.19595e-03	
969	9.622800e-03	-1.77225e-03	-1.19595e-03	
970	9.632800e-03	-1.77225e-03	-1.19595e-03	
971	9.642800e-03	-1.77225e-03	-1.19595e-03	
972	9.652800e-03	-1.77225e-03	-1.19595e-03	
973	9.662800e-03	-1.77225e-03	-1.19595e-03	
974	9.672800e-03	-1.77225e-03	-1.19595e-03	
975	9.682800e-03	-1.77225e-03	-1.19595e-03	
976	9.692800e-03	-1.77225e-03	-1.19595e-03	
977	9.702800e-03	-1.77225e-03	-1.19595e-03	
978	9.712800e-03	-1.77225e-03	-1.19595e-03	
979	9.722800e-03	-1.77225e-03	-1.19595e-03	
980	9.732800e-03	-1.77225e-03	-1.19595e-03	
981	9.742800e-03	-1.77225e-03	-1.19595e-03	
982	9.752800e-03	-1.77225e-03	-1.19595e-03	

Index   time            v1#branch       v2#branch       
--------------------------------------------------------------------------------
983	9.762800e-03	-1.77225e-03	-1.19595e-03	
984	9.772800e-03	-1.77225e-03	-1.19595e-03	
985	9.782800e-03	-1.77225e-03	-1.19595e-03	
986	9.792800e-03	-1.77225e-03	-1.19595e-03	
987	9.802800e-03	-1.77225e-03	-1.19595e-03	
988	9.812800e-03	-1.77225e-03	-1.19595e-03	
989	9.822800e-03	-1.77225e-03	-1.19595e-03	
990	9.832800e-03	-1.77225e-03	-1.19595e-03	
991	9.842800e-03	-1.77225e-03	-1.19595e-03	
992	9.852800e-03	-1.77225e-03	-1.19595e-03	
993	9.862800e-03	-1.77225e-03	-1.19595e-03	
994	9.872800e-03	-1.77225e-03	-1.19595e-03	
995	9.882800e-03	-1.77225e-03	-1.19595e-03	
996	9.892800e-03	-1.77225e-03	-1.19595e-03	
997	9.902800e-03	-1.77225e-03	-1.19595e-03	
998	9.912800e-03	-1.77225e-03	-1.19595e-03	
999	9.922800e-03	-1.77225e-03	-1.19595e-03	
1000	9.932800e-03	-1.77225e-03	-1.19595e-03	
1001	9.942800e-03	-1.77225e-03	-1.19595e-03	
1002	9.952800e-03	-1.77225e-03	-1.19595e-03	
1003	9.962800e-03	-1.77225e-03	-1.19595e-03	
1004	9.972800e-03	-1.77225e-03	-1.19595e-03	
1005	9.982800e-03	-1.77225e-03	-1.19595e-03	
1006	9.992800e-03	-1.77225e-03	-1.19595e-03	
1007	1.000280e-02	-1.77225e-03	-1.19595e-03	
1008	1.001280e-02	-1.77225e-03	-1.19595e-03	
1009	1.002280e-02	-1.77225e-03	-1.19595e-03	
1010	1.003280e-02	-1.77225e-03	-1.19595e-03	
1011	1.004280e-02	-1.77225e-03	-1.19595e-03	
1012	1.005280e-02	-1.77225e-03	-1.19595e-03	
1013	1.006280e-02	-1.77225e-03	-1.19595e-03	
1014	1.007280e-02	-1.77225e-03	-1.19595e-03	
1015	1.008280e-02	-1.77225e-03	-1.19595e-03	
1016	1.009280e-02	-1.77225e-03	-1.19595e-03	
1017	1.010280e-02	-1.77225e-03	-1.19595e-03	
1018	1.011280e-02	-1.77225e-03	-1.19595e-03	
1019	1.012280e-02	-1.77225e-03	-1.19595e-03	
1020	1.013280e-02	-1.77225e-03	-1.19595e-03	
1021	1.014280e-02	-1.77225e-03	-1.19595e-03	
1022	1.015280e-02	-1.77225e-03	-1.19595e-03	
1023	1.016280e-02	-1.77225e-03	-1.19595e-03	
1024	1.017280e-02	-1.77225e-03	-1.19595e-03	
1025	1.018280e-02	-1.77225e-03	-1.19595e-03	
1026	1.019280e-02	-1.77225e-03	-1.19595e-03	
1027	1.020280e-02	-1.77225e-03	-1.19595e-03	
1028	1.021280e-02	-1.77225e-03	-1.19595e-03	
1029	1.022280e-02	-1.77225e-03	-1.19595e-03	
1030	1.023280e-02	-1.77225e-03	-1.19595e-03	
1031	1.024280e-02	-1.77225e-03	-1.19595e-03	
1032	1.025280e-02	-1.77225e-03	-1.19595e-03	
1033	1.026280e-02	-1.77225e-03	-1.19595e-03	
1034	1.027280e-02	-1.77225e-03	-1.19595e-03	
1035	1.028280e-02	-1.77225e-03	-1.19595e-03	
1036	1.029280e-02	-1.77225e-03	-1.19595e-03	
1037	1.030280e-02	-1.77225e-03	-1.19595e-03	
1038	1.031280e-02	-1.77225e-03	-1.19595e-03	
1039	1.032280e-02	-1.77225e-03	-1.19595e-03	
1040	1.033280e-02	-1.77225e-03	-1.19595e-03	

Index   time            v1#branch       v2#branch       
--------------------------------------------------------------------------------
1041	1.034280e-02	-1.77225e-03	-1.19595e-03	
1042	1.035280e-02	-1.77225e-03	-1.19595e-03	
1043	1.036280e-02	-1.77225e-03	-1.19595e-03	
1044	1.037280e-02	-1.77225e-03	-1.19595e-03	
1045	1.038280e-02	-1.77225e-03	-1.19595e-03	
1046	1.039280e-02	-1.77225e-03	-1.19595e-03	
1047	1.040280e-02	-1.77225e-03	-1.19595e-03	
1048	1.041280e-02	-1.77225e-03	-1.19595e-03	
1049	1.042280e-02	-1.77225e-03	-1.19595e-03	
1050	1.043280e-02	-1.77225e-03	-1.19595e-03	
1051	1.044280e-02	-1.77225e-03	-1.19595e-03	
1052	1.045280e-02	-1.77225e-03	-1.19595e-03	
1053	1.046280e-02	-1.77225e-03	-1.19595e-03	
1054	1.047280e-02	-1.77225e-03	-1.19595e-03	
1055	1.048280e-02	-1.77225e-03	-1.19595e-03	
1056	1.049280e-02	-1.77225e-03	-1.19595e-03	
1057	1.050280e-02	-1.77225e-03	-1.19595e-03	
1058	1.051280e-02	-1.77225e-03	-1.19595e-03	
1059	1.052280e-02	-1.77225e-03	-1.19595e-03	
1060	1.053280e-02	-1.77225e-03	-1.19595e-03	
1061	1.054280e-02	-1.77225e-03	-1.19595e-03	
1062	1.055280e-02	-1.77225e-03	-1.19595e-03	
1063	1.056280e-02	-1.77225e-03	-1.19595e-03	
1064	1.057280e-02	-1.77225e-03	-1.19595e-03	
1065	1.058280e-02	-1.77225e-03	-1.19595e-03	
1066	1.059280e-02	-1.77225e-03	-1.19595e-03	
1067	1.060280e-02	-1.77225e-03	-1.19595e-03	
1068	1.061280e-02	-1.77225e-03	-1.19595e-03	
1069	1.062280e-02	-1.77225e-03	-1.19595e-03	
1070	1.063280e-02	-1.77225e-03	-1.19595e-03	
1071	1.064280e-02	-1.77225e-03	-1.19595e-03	
1072	1.065280e-02	-1.77225e-03	-1.19595e-03	
1073	1.066280e-02	-1.77225e-03	-1.19595e-03	
1074	1.067280e-02	-1.77225e-03	-1.19595e-03	
1075	1.068280e-02	-1.77225e-03	-1.19595e-03	
1076	1.069280e-02	-1.77225e-03	-1.19595e-03	
1077	1.070280e-02	-1.77225e-03	-1.19595e-03	
1078	1.071280e-02	-1.77225e-03	-1.19595e-03	
1079	1.072280e-02	-1.77225e-03	-1.19595e-03	
1080	1.073280e-02	-1.77225e-03	-1.19595e-03	
1081	1.074280e-02	-1.77225e-03	-1.19595e-03	
1082	1.075280e-02	-1.77225e-03	-1.19595e-03	
1083	1.076280e-02	-1.77225e-03	-1.19595e-03	
1084	1.077280e-02	-1.77225e-03	-1.19595e-03	
1085	1.078280e-02	-1.77225e-03	-1.19595e-03	
1086	1.079280e-02	-1.77225e-03	-1.19595e-03	
1087	1.080280e-02	-1.77225e-03	-1.19595e-03	
1088	1.081280e-02	-1.77225e-03	-1.19595e-03	
1089	1.082280e-02	-1.77225e-03	-1.19595e-03	
1090	1.083280e-02	-1.77225e-03	-1.19595e-03	
1091	1.084280e-02	-1.77225e-03	-1.19595e-03	
1092	1.085280e-02	-1.77225e-03	-1.19595e-03	
1093	1.086280e-02	-1.77225e-03	-1.19595e-03	
1094	1.087280e-02	-1.77225e-03	-1.19595e-03	
1095	1.088280e-02	-1.77225e-03	-1.19595e-03	
1096	1.089280e-02	-1.77225e-03	-1.19595e-03	
1097	1.090280e-02	-1.77225e-03	-1.19595e-03	
1098	1.091280e-02	-1.77225e-03	-1.19595e-03	

Index   time            v1#branch       v2#branch       
--------------------------------------------------------------------------------
1099	1.092280e-02	-1.77225e-03	-1.19595e-03	
1100	1.093280e-02	-1.77225e-03	-1.19595e-03	
1101	1.094280e-02	-1.77225e-03	-1.19595e-03	
1102	1.095280e-02	-1.77225e-03	-1.19595e-03	
1103	1.096280e-02	-1.77225e-03	-1.19595e-03	
1104	1.097280e-02	-1.77225e-03	-1.19595e-03	
1105	1.098280e-02	-1.77225e-03	-1.19595e-03	
1106	1.099280e-02	-1.77225e-03	-1.19595e-03	
1107	1.100280e-02	-1.77225e-03	-1.19595e-03	
1108	1.101280e-02	-1.77225e-03	-1.19595e-03	
1109	1.102280e-02	-1.77225e-03	-1.19595e-03	
1110	1.103280e-02	-1.77225e-03	-1.19595e-03	
1111	1.104280e-02	-1.77225e-03	-1.19595e-03	
1112	1.105280e-02	-1.77225e-03	-1.19595e-03	
1113	1.106280e-02	-1.77225e-03	-1.19595e-03	
1114	1.107280e-02	-1.77225e-03	-1.19595e-03	
1115	1.108280e-02	-1.77225e-03	-1.19595e-03	
1116	1.109280e-02	-1.77225e-03	-1.19595e-03	
1117	1.110280e-02	-1.77225e-03	-1.19595e-03	
1118	1.111280e-02	-1.77225e-03	-1.19595e-03	
1119	1.112280e-02	-1.77225e-03	-1.19595e-03	
1120	1.113280e-02	-1.77225e-03	-1.19595e-03	
1121	1.114280e-02	-1.77225e-03	-1.19595e-03	
1122	1.115280e-02	-1.77225e-03	-1.19595e-03	
1123	1.116280e-02	-1.77225e-03	-1.19595e-03	
1124	1.117280e-02	-1.77225e-03	-1.19595e-03	
1125	1.118280e-02	-1.77225e-03	-1.19595e-03	
1126	1.119280e-02	-1.77225e-03	-1.19595e-03	
1127	1.120280e-02	-1.77225e-03	-1.19595e-03	
1128	1.121280e-02	-1.77225e-03	-1.19595e-03	
1129	1.122280e-02	-1.77225e-03	-1.19595e-03	
1130	1.123280e-02	-1.77225e-03	-1.19595e-03	
1131	1.124280e-02	-1.77225e-03	-1.19595e-03	
1132	1.125280e-02	-1.77225e-03	-1.19595e-03	
1133	1.126280e-02	-1.77225e-03	-1.19595e-03	
1134	1.127280e-02	-1.77225e-03	-1.19595e-03	
1135	1.128280e-02	-1.77225e-03	-1.19595e-03	
1136	1.129280e-02	-1.77225e-03	-1.19595e-03	
1137	1.130280e-02	-1.77225e-03	-1.19595e-03	
1138	1.131280e-02	-1.77225e-03	-1.19595e-03	
1139	1.132280e-02	-1.77225e-03	-1.19595e-03	
1140	1.133280e-02	-1.77225e-03	-1.19595e-03	
1141	1.134280e-02	-1.77225e-03	-1.19595e-03	
1142	1.135280e-02	-1.77225e-03	-1.19595e-03	
1143	1.136280e-02	-1.77225e-03	-1.19595e-03	
1144	1.137280e-02	-1.77225e-03	-1.19595e-03	
1145	1.138280e-02	-1.77225e-03	-1.19595e-03	
1146	1.139280e-02	-1.77225e-03	-1.19595e-03	
1147	1.140280e-02	-1.77225e-03	-1.19595e-03	
1148	1.141280e-02	-1.77225e-03	-1.19595e-03	
1149	1.142280e-02	-1.77225e-03	-1.19595e-03	
1150	1.143280e-02	-1.77225e-03	-1.19595e-03	
1151	1.144280e-02	-1.77225e-03	-1.19595e-03	
1152	1.145280e-02	-1.77225e-03	-1.19595e-03	
1153	1.146280e-02	-1.77225e-03	-1.19595e-03	
1154	1.147280e-02	-1.77225e-03	-1.19595e-03	
1155	1.148280e-02	-1.77225e-03	-1.19595e-03	
1156	1.149280e-02	-1.77225e-03	-1.19595e-03	

Index   time            v1#branch       v2#branch       
--------------------------------------------------------------------------------
1157	1.150280e-02	-1.77225e-03	-1.19595e-03	
1158	1.151280e-02	-1.77225e-03	-1.19595e-03	
1159	1.152280e-02	-1.77225e-03	-1.19595e-03	
1160	1.153280e-02	-1.77225e-03	-1.19595e-03	
1161	1.154280e-02	-1.77225e-03	-1.19595e-03	
1162	1.155280e-02	-1.77225e-03	-1.19595e-03	
1163	1.156280e-02	-1.77225e-03	-1.19595e-03	
1164	1.157280e-02	-1.77225e-03	-1.19595e-03	
1165	1.158280e-02	-1.77225e-03	-1.19595e-03	
1166	1.159280e-02	-1.77225e-03	-1.19595e-03	
1167	1.160280e-02	-1.77225e-03	-1.19595e-03	
1168	1.161280e-02	-1.77225e-03	-1.19595e-03	
1169	1.162280e-02	-1.77225e-03	-1.19595e-03	
1170	1.163280e-02	-1.77225e-03	-1.19595e-03	
1171	1.164280e-02	-1.77225e-03	-1.19595e-03	
1172	1.165280e-02	-1.77225e-03	-1.19595e-03	
1173	1.166280e-02	-1.77225e-03	-1.19595e-03	
1174	1.167280e-02	-1.77225e-03	-1.19595e-03	
1175	1.168280e-02	-1.77225e-03	-1.19595e-03	
1176	1.169280e-02	-1.77225e-03	-1.19595e-03	
1177	1.170280e-02	-1.77225e-03	-1.19595e-03	
1178	1.171280e-02	-1.77225e-03	-1.19595e-03	
1179	1.172280e-02	-1.77225e-03	-1.19595e-03	
1180	1.173280e-02	-1.77225e-03	-1.19595e-03	
1181	1.174280e-02	-1.77225e-03	-1.19595e-03	
1182	1.175280e-02	-1.77225e-03	-1.19595e-03	
1183	1.176280e-02	-1.77225e-03	-1.19595e-03	
1184	1.177280e-02	-1.77225e-03	-1.19595e-03	
1185	1.178280e-02	-1.77225e-03	-1.19595e-03	
1186	1.179280e-02	-1.77225e-03	-1.19595e-03	
1187	1.180280e-02	-1.77225e-03	-1.19595e-03	
1188	1.181280e-02	-1.77225e-03	-1.19595e-03	
1189	1.182280e-02	-1.77225e-03	-1.19595e-03	
1190	1.183280e-02	-1.77225e-03	-1.19595e-03	
1191	1.184280e-02	-1.77225e-03	-1.19595e-03	
1192	1.185280e-02	-1.77225e-03	-1.19595e-03	
1193	1.186280e-02	-1.77225e-03	-1.19595e-03	
1194	1.187280e-02	-1.77225e-03	-1.19595e-03	
1195	1.188280e-02	-1.77225e-03	-1.19595e-03	
1196	1.189280e-02	-1.77225e-03	-1.19595e-03	
1197	1.190280e-02	-1.77225e-03	-1.19595e-03	
1198	1.191280e-02	-1.77225e-03	-1.19595e-03	
1199	1.192280e-02	-1.77225e-03	-1.19595e-03	
1200	1.193280e-02	-1.77225e-03	-1.19595e-03	
1201	1.194280e-02	-1.77225e-03	-1.19595e-03	
1202	1.195280e-02	-1.77225e-03	-1.19595e-03	
1203	1.196280e-02	-1.77225e-03	-1.19595e-03	
1204	1.197280e-02	-1.77225e-03	-1.19595e-03	
1205	1.198280e-02	-1.77225e-03	-1.19595e-03	
1206	1.199280e-02	-1.77225e-03	-1.19595e-03	
1207	1.200280e-02	-1.77225e-03	-1.19595e-03	
1208	1.201280e-02	-1.77225e-03	-1.19595e-03	
1209	1.202280e-02	-1.77225e-03	-1.19595e-03	
1210	1.203280e-02	-1.77225e-03	-1.19595e-03	
1211	1.204280e-02	-1.77225e-03	-1.19595e-03	
1212	1.205280e-02	-1.77225e-03	-1.19595e-03	
1213	1.206280e-02	-1.77225e-03	-1.19595e-03	
1214	1.207280e-02	-1.77225e-03	-1.19595e-03	

Index   time            v1#branch       v2#branch       
--------------------------------------------------------------------------------
1215	1.208280e-02	-1.77225e-03	-1.19595e-03	
1216	1.209280e-02	-1.77225e-03	-1.19595e-03	
1217	1.210280e-02	-1.77225e-03	-1.19595e-03	
1218	1.211280e-02	-1.77225e-03	-1.19595e-03	
1219	1.212280e-02	-1.77225e-03	-1.19595e-03	
1220	1.213280e-02	-1.77225e-03	-1.19595e-03	
1221	1.214280e-02	-1.77225e-03	-1.19595e-03	
1222	1.215280e-02	-1.77225e-03	-1.19595e-03	
1223	1.216280e-02	-1.77225e-03	-1.19595e-03	
1224	1.217280e-02	-1.77225e-03	-1.19595e-03	
1225	1.218280e-02	-1.77225e-03	-1.19595e-03	
1226	1.219280e-02	-1.77225e-03	-1.19595e-03	
1227	1.220280e-02	-1.77225e-03	-1.19595e-03	
1228	1.221280e-02	-1.77225e-03	-1.19595e-03	
1229	1.222280e-02	-1.77225e-03	-1.19595e-03	
1230	1.223280e-02	-1.77225e-03	-1.19595e-03	
1231	1.224280e-02	-1.77225e-03	-1.19595e-03	
1232	1.225280e-02	-1.77225e-03	-1.19595e-03	
1233	1.226280e-02	-1.77225e-03	-1.19595e-03	
1234	1.227280e-02	-1.77225e-03	-1.19595e-03	
1235	1.228280e-02	-1.77225e-03	-1.19595e-03	
1236	1.229280e-02	-1.77225e-03	-1.19595e-03	
1237	1.230280e-02	-1.77225e-03	-1.19595e-03	
1238	1.231280e-02	-1.77225e-03	-1.19595e-03	
1239	1.232280e-02	-1.77225e-03	-1.19595e-03	
1240	1.233280e-02	-1.77225e-03	-1.19595e-03	
1241	1.234280e-02	-1.77225e-03	-1.19595e-03	
1242	1.235280e-02	-1.77225e-03	-1.19595e-03	
1243	1.236280e-02	-1.77225e-03	-1.19595e-03	
1244	1.237280e-02	-1.77225e-03	-1.19595e-03	
1245	1.238280e-02	-1.77225e-03	-1.19595e-03	
1246	1.239280e-02	-1.77225e-03	-1.19595e-03	
1247	1.240280e-02	-1.77225e-03	-1.19595e-03	
1248	1.241280e-02	-1.77225e-03	-1.19595e-03	
1249	1.242280e-02	-1.77225e-03	-1.19595e-03	
1250	1.243280e-02	-1.77225e-03	-1.19595e-03	
1251	1.244280e-02	-1.77225e-03	-1.19595e-03	
1252	1.245280e-02	-1.77225e-03	-1.19595e-03	
1253	1.246280e-02	-1.77225e-03	-1.19595e-03	
1254	1.247280e-02	-1.77225e-03	-1.19595e-03	
1255	1.248280e-02	-1.77225e-03	-1.19595e-03	
1256	1.249280e-02	-1.77225e-03	-1.19595e-03	
1257	1.250280e-02	-1.77225e-03	-1.19595e-03	
1258	1.251280e-02	-1.77225e-03	-1.19595e-03	
1259	1.252280e-02	-1.77225e-03	-1.19595e-03	
1260	1.253280e-02	-1.77225e-03	-1.19595e-03	
1261	1.254280e-02	-1.77225e-03	-1.19595e-03	
1262	1.255280e-02	-1.77225e-03	-1.19595e-03	
1263	1.256280e-02	-1.77225e-03	-1.19595e-03	
1264	1.257280e-02	-1.77225e-03	-1.19595e-03	
1265	1.258280e-02	-1.77225e-03	-1.19595e-03	
1266	1.259280e-02	-1.77225e-03	-1.19595e-03	
1267	1.260280e-02	-1.77225e-03	-1.19595e-03	
1268	1.261280e-02	-1.77225e-03	-1.19595e-03	
1269	1.262280e-02	-1.77225e-03	-1.19595e-03	
1270	1.263280e-02	-1.77225e-03	-1.19595e-03	
1271	1.264280e-02	-1.77225e-03	-1.19595e-03	
1272	1.265280e-02	-1.77225e-03	-1.19595e-03	

Index   time            v1#branch       v2#branch       
--------------------------------------------------------------------------------
1273	1.266280e-02	-1.77225e-03	-1.19595e-03	
1274	1.267280e-02	-1.77225e-03	-1.19595e-03	
1275	1.268280e-02	-1.77225e-03	-1.19595e-03	
1276	1.269280e-02	-1.77225e-03	-1.19595e-03	
1277	1.270280e-02	-1.77225e-03	-1.19595e-03	
1278	1.271280e-02	-1.77225e-03	-1.19595e-03	
1279	1.272280e-02	-1.77225e-03	-1.19595e-03	
1280	1.273280e-02	-1.77225e-03	-1.19595e-03	
1281	1.274280e-02	-1.77225e-03	-1.19595e-03	
1282	1.275280e-02	-1.77225e-03	-1.19595e-03	
1283	1.276280e-02	-1.77225e-03	-1.19595e-03	
1284	1.277280e-02	-1.77225e-03	-1.19595e-03	
1285	1.278280e-02	-1.77225e-03	-1.19595e-03	
1286	1.279280e-02	-1.77225e-03	-1.19595e-03	
1287	1.280280e-02	-1.77225e-03	-1.19595e-03	
1288	1.281280e-02	-1.77225e-03	-1.19595e-03	
1289	1.282280e-02	-1.77225e-03	-1.19595e-03	
1290	1.283280e-02	-1.77225e-03	-1.19595e-03	
1291	1.284280e-02	-1.77225e-03	-1.19595e-03	
1292	1.285280e-02	-1.77225e-03	-1.19595e-03	
1293	1.286280e-02	-1.77225e-03	-1.19595e-03	
1294	1.287280e-02	-1.77225e-03	-1.19595e-03	
1295	1.288280e-02	-1.77225e-03	-1.19595e-03	
1296	1.289280e-02	-1.77225e-03	-1.19595e-03	
1297	1.290280e-02	-1.77225e-03	-1.19595e-03	
1298	1.291280e-02	-1.77225e-03	-1.19595e-03	
1299	1.292280e-02	-1.77225e-03	-1.19595e-03	
1300	1.293280e-02	-1.77225e-03	-1.19595e-03	
1301	1.294280e-02	-1.77225e-03	-1.19595e-03	
1302	1.295280e-02	-1.77225e-03	-1.19595e-03	
1303	1.296280e-02	-1.77225e-03	-1.19595e-03	
1304	1.297280e-02	-1.77225e-03	-1.19595e-03	
1305	1.298280e-02	-1.77225e-03	-1.19595e-03	
1306	1.299280e-02	-1.77225e-03	-1.19595e-03	
1307	1.300280e-02	-1.77225e-03	-1.19595e-03	
1308	1.301280e-02	-1.77225e-03	-1.19595e-03	
1309	1.302280e-02	-1.77225e-03	-1.19595e-03	
1310	1.303280e-02	-1.77225e-03	-1.19595e-03	
1311	1.304280e-02	-1.77225e-03	-1.19595e-03	
1312	1.305280e-02	-1.77225e-03	-1.19595e-03	
1313	1.306280e-02	-1.77225e-03	-1.19595e-03	
1314	1.307280e-02	-1.77225e-03	-1.19595e-03	
1315	1.308280e-02	-1.77225e-03	-1.19595e-03	
1316	1.309280e-02	-1.77225e-03	-1.19595e-03	
1317	1.310280e-02	-1.77225e-03	-1.19595e-03	
1318	1.311280e-02	-1.77225e-03	-1.19595e-03	
1319	1.312280e-02	-1.77225e-03	-1.19595e-03	
1320	1.313280e-02	-1.77225e-03	-1.19595e-03	
1321	1.314280e-02	-1.77225e-03	-1.19595e-03	
1322	1.315280e-02	-1.77225e-03	-1.19595e-03	
1323	1.316280e-02	-1.77225e-03	-1.19595e-03	
1324	1.317280e-02	-1.77225e-03	-1.19595e-03	
1325	1.318280e-02	-1.77225e-03	-1.19595e-03	
1326	1.319280e-02	-1.77225e-03	-1.19595e-03	
1327	1.320280e-02	-1.77225e-03	-1.19595e-03	
1328	1.321280e-02	-1.77225e-03	-1.19595e-03	
1329	1.322280e-02	-1.77225e-03	-1.19595e-03	
1330	1.323280e-02	-1.77225e-03	-1.19595e-03	

Index   time            v1#branch       v2#branch       
--------------------------------------------------------------------------------
1331	1.324280e-02	-1.77225e-03	-1.19595e-03	
1332	1.325280e-02	-1.77225e-03	-1.19595e-03	
1333	1.326280e-02	-1.77225e-03	-1.19595e-03	
1334	1.327280e-02	-1.77225e-03	-1.19595e-03	
1335	1.328280e-02	-1.77225e-03	-1.19595e-03	
1336	1.329280e-02	-1.77225e-03	-1.19595e-03	
1337	1.330280e-02	-1.77225e-03	-1.19595e-03	
1338	1.331280e-02	-1.77225e-03	-1.19595e-03	
1339	1.332280e-02	-1.77225e-03	-1.19595e-03	
1340	1.333280e-02	-1.77225e-03	-1.19595e-03	
1341	1.334280e-02	-1.77225e-03	-1.19595e-03	
1342	1.335280e-02	-1.77225e-03	-1.19595e-03	
1343	1.336280e-02	-1.77225e-03	-1.19595e-03	
1344	1.337280e-02	-1.77225e-03	-1.19595e-03	
1345	1.338280e-02	-1.77225e-03	-1.19595e-03	
1346	1.339280e-02	-1.77225e-03	-1.19595e-03	
1347	1.340280e-02	-1.77225e-03	-1.19595e-03	
1348	1.341280e-02	-1.77225e-03	-1.19595e-03	
1349	1.342280e-02	-1.77225e-03	-1.19595e-03	
1350	1.343280e-02	-1.77225e-03	-1.19595e-03	
1351	1.344280e-02	-1.77225e-03	-1.19595e-03	
1352	1.345280e-02	-1.77225e-03	-1.19595e-03	
1353	1.346280e-02	-1.77225e-03	-1.19595e-03	
1354	1.347280e-02	-1.77225e-03	-1.19595e-03	
1355	1.348280e-02	-1.77225e-03	-1.19595e-03	
1356	1.349280e-02	-1.77225e-03	-1.19595e-03	
1357	1.350280e-02	-1.77225e-03	-1.19595e-03	
1358	1.351280e-02	-1.77225e-03	-1.19595e-03	
1359	1.352280e-02	-1.77225e-03	-1.19595e-03	
1360	1.353280e-02	-1.77225e-03	-1.19595e-03	
1361	1.354280e-02	-1.77225e-03	-1.19595e-03	
1362	1.355280e-02	-1.77225e-03	-1.19595e-03	
1363	1.356280e-02	-1.77225e-03	-1.19595e-03	
1364	1.357280e-02	-1.77225e-03	-1.19595e-03	
1365	1.358280e-02	-1.77225e-03	-1.19595e-03	
1366	1.359280e-02	-1.77225e-03	-1.19595e-03	
1367	1.360280e-02	-1.77225e-03	-1.19595e-03	
1368	1.361280e-02	-1.77225e-03	-1.19595e-03	
1369	1.362280e-02	-1.77225e-03	-1.19595e-03	
1370	1.363280e-02	-1.77225e-03	-1.19595e-03	
1371	1.364280e-02	-1.77225e-03	-1.19595e-03	
1372	1.365280e-02	-1.77225e-03	-1.19595e-03	
1373	1.366280e-02	-1.77225e-03	-1.19595e-03	
1374	1.367280e-02	-1.77225e-03	-1.19595e-03	
1375	1.368280e-02	-1.77225e-03	-1.19595e-03	
1376	1.369280e-02	-1.77225e-03	-1.19595e-03	
1377	1.370280e-02	-1.77225e-03	-1.19595e-03	
1378	1.371280e-02	-1.77225e-03	-1.19595e-03	
1379	1.372280e-02	-1.77225e-03	-1.19595e-03	
1380	1.373280e-02	-1.77225e-03	-1.19595e-03	
1381	1.374280e-02	-1.77225e-03	-1.19595e-03	
1382	1.375280e-02	-1.77225e-03	-1.19595e-03	
1383	1.376280e-02	-1.77225e-03	-1.19595e-03	
1384	1.377280e-02	-1.77225e-03	-1.19595e-03	
1385	1.378280e-02	-1.77225e-03	-1.19595e-03	
1386	1.379280e-02	-1.77225e-03	-1.19595e-03	
1387	1.380280e-02	-1.77225e-03	-1.19595e-03	
1388	1.381280e-02	-1.77225e-03	-1.19595e-03	

Index   time            v1#branch       v2#branch       
--------------------------------------------------------------------------------
1389	1.382280e-02	-1.77225e-03	-1.19595e-03	
1390	1.383280e-02	-1.77225e-03	-1.19595e-03	
1391	1.384280e-02	-1.77225e-03	-1.19595e-03	
1392	1.385280e-02	-1.77225e-03	-1.19595e-03	
1393	1.386280e-02	-1.77225e-03	-1.19595e-03	
1394	1.387280e-02	-1.77225e-03	-1.19595e-03	
1395	1.388280e-02	-1.77225e-03	-1.19595e-03	
1396	1.389280e-02	-1.77225e-03	-1.19595e-03	
1397	1.390280e-02	-1.77225e-03	-1.19595e-03	
1398	1.391280e-02	-1.77225e-03	-1.19595e-03	
1399	1.392280e-02	-1.77225e-03	-1.19595e-03	
1400	1.393280e-02	-1.77225e-03	-1.19595e-03	
1401	1.394280e-02	-1.77225e-03	-1.19595e-03	
1402	1.395280e-02	-1.77225e-03	-1.19595e-03	
1403	1.396280e-02	-1.77225e-03	-1.19595e-03	
1404	1.397280e-02	-1.77225e-03	-1.19595e-03	
1405	1.398280e-02	-1.77225e-03	-1.19595e-03	
1406	1.399280e-02	-1.77225e-03	-1.19595e-03	
1407	1.400280e-02	-1.77225e-03	-1.19595e-03	
1408	1.401280e-02	-1.77225e-03	-1.19595e-03	
1409	1.402280e-02	-1.77225e-03	-1.19595e-03	
1410	1.403280e-02	-1.77225e-03	-1.19595e-03	
1411	1.404280e-02	-1.77225e-03	-1.19595e-03	
1412	1.405280e-02	-1.77225e-03	-1.19595e-03	
1413	1.406280e-02	-1.77225e-03	-1.19595e-03	
1414	1.407280e-02	-1.77225e-03	-1.19595e-03	
1415	1.408280e-02	-1.77225e-03	-1.19595e-03	
1416	1.409280e-02	-1.77225e-03	-1.19595e-03	
1417	1.410280e-02	-1.77225e-03	-1.19595e-03	
1418	1.411280e-02	-1.77225e-03	-1.19595e-03	
1419	1.412280e-02	-1.77225e-03	-1.19595e-03	
1420	1.413280e-02	-1.77225e-03	-1.19595e-03	
1421	1.414280e-02	-1.77225e-03	-1.19595e-03	
1422	1.415280e-02	-1.77225e-03	-1.19595e-03	
1423	1.416280e-02	-1.77225e-03	-1.19595e-03	
1424	1.417280e-02	-1.77225e-03	-1.19595e-03	
1425	1.418280e-02	-1.77225e-03	-1.19595e-03	
1426	1.419280e-02	-1.77225e-03	-1.19595e-03	
1427	1.420280e-02	-1.77225e-03	-1.19595e-03	
1428	1.421280e-02	-1.77225e-03	-1.19595e-03	
1429	1.422280e-02	-1.77225e-03	-1.19595e-03	
1430	1.423280e-02	-1.77225e-03	-1.19595e-03	
1431	1.424280e-02	-1.77225e-03	-1.19595e-03	
1432	1.425280e-02	-1.77225e-03	-1.19595e-03	
1433	1.426280e-02	-1.77225e-03	-1.19595e-03	
1434	1.427280e-02	-1.77225e-03	-1.19595e-03	
1435	1.428280e-02	-1.77225e-03	-1.19595e-03	
1436	1.429280e-02	-1.77225e-03	-1.19595e-03	
1437	1.430280e-02	-1.77225e-03	-1.19595e-03	
1438	1.431280e-02	-1.77225e-03	-1.19595e-03	
1439	1.432280e-02	-1.77225e-03	-1.19595e-03	
1440	1.433280e-02	-1.77225e-03	-1.19595e-03	
1441	1.434280e-02	-1.77225e-03	-1.19595e-03	
1442	1.435280e-02	-1.77225e-03	-1.19595e-03	
1443	1.436280e-02	-1.77225e-03	-1.19595e-03	
1444	1.437280e-02	-1.77225e-03	-1.19595e-03	
1445	1.438280e-02	-1.77225e-03	-1.19595e-03	
1446	1.439280e-02	-1.77225e-03	-1.19595e-03	

Index   time            v1#branch       v2#branch       
--------------------------------------------------------------------------------
1447	1.440280e-02	-1.77225e-03	-1.19595e-03	
1448	1.441280e-02	-1.77225e-03	-1.19595e-03	
1449	1.442280e-02	-1.77225e-03	-1.19595e-03	
1450	1.443280e-02	-1.77225e-03	-1.19595e-03	
1451	1.444280e-02	-1.77225e-03	-1.19595e-03	
1452	1.445280e-02	-1.77225e-03	-1.19595e-03	
1453	1.446280e-02	-1.77225e-03	-1.19595e-03	
1454	1.447280e-02	-1.77225e-03	-1.19595e-03	
1455	1.448280e-02	-1.77225e-03	-1.19595e-03	
1456	1.449280e-02	-1.77225e-03	-1.19595e-03	
1457	1.450280e-02	-1.77225e-03	-1.19595e-03	
1458	1.451280e-02	-1.77225e-03	-1.19595e-03	
1459	1.452280e-02	-1.77225e-03	-1.19595e-03	
1460	1.453280e-02	-1.77225e-03	-1.19595e-03	
1461	1.454280e-02	-1.77225e-03	-1.19595e-03	
1462	1.455280e-02	-1.77225e-03	-1.19595e-03	
1463	1.456280e-02	-1.77225e-03	-1.19595e-03	
1464	1.457280e-02	-1.77225e-03	-1.19595e-03	
1465	1.458280e-02	-1.77225e-03	-1.19595e-03	
1466	1.459280e-02	-1.77225e-03	-1.19595e-03	
1467	1.460280e-02	-1.77225e-03	-1.19595e-03	
1468	1.461280e-02	-1.77225e-03	-1.19595e-03	
1469	1.462280e-02	-1.77225e-03	-1.19595e-03	
1470	1.463280e-02	-1.77225e-03	-1.19595e-03	
1471	1.464280e-02	-1.77225e-03	-1.19595e-03	
1472	1.465280e-02	-1.77225e-03	-1.19595e-03	
1473	1.466280e-02	-1.77225e-03	-1.19595e-03	
1474	1.467280e-02	-1.77225e-03	-1.19595e-03	
1475	1.468280e-02	-1.77225e-03	-1.19595e-03	
1476	1.469280e-02	-1.77225e-03	-1.19595e-03	
1477	1.470280e-02	-1.77225e-03	-1.19595e-03	
1478	1.471280e-02	-1.77225e-03	-1.19595e-03	
1479	1.472280e-02	-1.77225e-03	-1.19595e-03	
1480	1.473280e-02	-1.77225e-03	-1.19595e-03	
1481	1.474280e-02	-1.77225e-03	-1.19595e-03	
1482	1.475280e-02	-1.77225e-03	-1.19595e-03	
1483	1.476280e-02	-1.77225e-03	-1.19595e-03	
1484	1.477280e-02	-1.77225e-03	-1.19595e-03	
1485	1.478280e-02	-1.77225e-03	-1.19595e-03	
1486	1.479280e-02	-1.77225e-03	-1.19595e-03	
1487	1.480280e-02	-1.77225e-03	-1.19595e-03	
1488	1.481280e-02	-1.77225e-03	-1.19595e-03	
1489	1.482280e-02	-1.77225e-03	-1.19595e-03	
1490	1.483280e-02	-1.77225e-03	-1.19595e-03	
1491	1.484280e-02	-1.77225e-03	-1.19595e-03	
1492	1.485280e-02	-1.77225e-03	-1.19595e-03	
1493	1.486280e-02	-1.77225e-03	-1.19595e-03	
1494	1.487280e-02	-1.77225e-03	-1.19595e-03	
1495	1.488280e-02	-1.77225e-03	-1.19595e-03	
1496	1.489280e-02	-1.77225e-03	-1.19595e-03	
1497	1.490280e-02	-1.77225e-03	-1.19595e-03	
1498	1.491280e-02	-1.77225e-03	-1.19595e-03	
1499	1.492280e-02	-1.77225e-03	-1.19595e-03	
1500	1.493280e-02	-1.77225e-03	-1.19595e-03	
1501	1.494280e-02	-1.77225e-03	-1.19595e-03	
1502	1.495280e-02	-1.77225e-03	-1.19595e-03	
1503	1.496280e-02	-1.77225e-03	-1.19595e-03	
1504	1.497280e-02	-1.77225e-03	-1.19595e-03	

Index   time            v1#branch       v2#branch       
--------------------------------------------------------------------------------
1505	1.498280e-02	-1.77225e-03	-1.19595e-03	
1506	1.499280e-02	-1.77225e-03	-1.19595e-03	
1507	1.500280e-02	-1.77225e-03	-1.19595e-03	
1508	1.501280e-02	-1.77225e-03	-1.19595e-03	
1509	1.502280e-02	-1.77225e-03	-1.19595e-03	
1510	1.503280e-02	-1.77225e-03	-1.19595e-03	
1511	1.504280e-02	-1.77225e-03	-1.19595e-03	
1512	1.505280e-02	-1.77225e-03	-1.19595e-03	
1513	1.506280e-02	-1.77225e-03	-1.19595e-03	
1514	1.507280e-02	-1.77225e-03	-1.19595e-03	
1515	1.508280e-02	-1.77225e-03	-1.19595e-03	
1516	1.509280e-02	-1.77225e-03	-1.19595e-03	
1517	1.510280e-02	-1.77225e-03	-1.19595e-03	
1518	1.511280e-02	-1.77225e-03	-1.19595e-03	
1519	1.512280e-02	-1.77225e-03	-1.19595e-03	
1520	1.513280e-02	-1.77225e-03	-1.19595e-03	
1521	1.514280e-02	-1.77225e-03	-1.19595e-03	
1522	1.515280e-02	-1.77225e-03	-1.19595e-03	
1523	1.516280e-02	-1.77225e-03	-1.19595e-03	
1524	1.517280e-02	-1.77225e-03	-1.19595e-03	
1525	1.518280e-02	-1.77225e-03	-1.19595e-03	
1526	1.519280e-02	-1.77225e-03	-1.19595e-03	
1527	1.520280e-02	-1.77225e-03	-1.19595e-03	
1528	1.521280e-02	-1.77225e-03	-1.19595e-03	
1529	1.522280e-02	-1.77225e-03	-1.19595e-03	
1530	1.523280e-02	-1.77225e-03	-1.19595e-03	
1531	1.524280e-02	-1.77225e-03	-1.19595e-03	
1532	1.525280e-02	-1.77225e-03	-1.19595e-03	
1533	1.526280e-02	-1.77225e-03	-1.19595e-03	
1534	1.527280e-02	-1.77225e-03	-1.19595e-03	
1535	1.528280e-02	-1.77225e-03	-1.19595e-03	
1536	1.529280e-02	-1.77225e-03	-1.19595e-03	
1537	1.530280e-02	-1.77225e-03	-1.19595e-03	
1538	1.531280e-02	-1.77225e-03	-1.19595e-03	
1539	1.532280e-02	-1.77225e-03	-1.19595e-03	
1540	1.533280e-02	-1.77225e-03	-1.19595e-03	
1541	1.534280e-02	-1.77225e-03	-1.19595e-03	
1542	1.535280e-02	-1.77225e-03	-1.19595e-03	
1543	1.536280e-02	-1.77225e-03	-1.19595e-03	
1544	1.537280e-02	-1.77225e-03	-1.19595e-03	
1545	1.538280e-02	-1.77225e-03	-1.19595e-03	
1546	1.539280e-02	-1.77225e-03	-1.19595e-03	
1547	1.540280e-02	-1.77225e-03	-1.19595e-03	
1548	1.541280e-02	-1.77225e-03	-1.19595e-03	
1549	1.542280e-02	-1.77225e-03	-1.19595e-03	
1550	1.543280e-02	-1.77225e-03	-1.19595e-03	
1551	1.544280e-02	-1.77225e-03	-1.19595e-03	
1552	1.545280e-02	-1.77225e-03	-1.19595e-03	
1553	1.546280e-02	-1.77225e-03	-1.19595e-03	
1554	1.547280e-02	-1.77225e-03	-1.19595e-03	
1555	1.548280e-02	-1.77225e-03	-1.19595e-03	
1556	1.549280e-02	-1.77225e-03	-1.19595e-03	
1557	1.550280e-02	-1.77225e-03	-1.19595e-03	
1558	1.551280e-02	-1.77225e-03	-1.19595e-03	
1559	1.552280e-02	-1.77225e-03	-1.19595e-03	
1560	1.553280e-02	-1.77225e-03	-1.19595e-03	
1561	1.554280e-02	-1.77225e-03	-1.19595e-03	
1562	1.555280e-02	-1.77225e-03	-1.19595e-03	

Index   time            v1#branch       v2#branch       
--------------------------------------------------------------------------------
1563	1.556280e-02	-1.77225e-03	-1.19595e-03	
1564	1.557280e-02	-1.77225e-03	-1.19595e-03	
1565	1.558280e-02	-1.77225e-03	-1.19595e-03	
1566	1.559280e-02	-1.77225e-03	-1.19595e-03	
1567	1.560280e-02	-1.77225e-03	-1.19595e-03	
1568	1.561280e-02	-1.77225e-03	-1.19595e-03	
1569	1.562280e-02	-1.77225e-03	-1.19595e-03	
1570	1.563280e-02	-1.77225e-03	-1.19595e-03	
1571	1.564280e-02	-1.77225e-03	-1.19595e-03	
1572	1.565280e-02	-1.77225e-03	-1.19595e-03	
1573	1.566280e-02	-1.77225e-03	-1.19595e-03	
1574	1.567280e-02	-1.77225e-03	-1.19595e-03	
1575	1.568280e-02	-1.77225e-03	-1.19595e-03	
1576	1.569280e-02	-1.77225e-03	-1.19595e-03	
1577	1.570280e-02	-1.77225e-03	-1.19595e-03	
1578	1.571280e-02	-1.77225e-03	-1.19595e-03	
1579	1.572280e-02	-1.77225e-03	-1.19595e-03	
1580	1.573280e-02	-1.77225e-03	-1.19595e-03	
1581	1.574280e-02	-1.77225e-03	-1.19595e-03	
1582	1.575280e-02	-1.77225e-03	-1.19595e-03	
1583	1.576280e-02	-1.77225e-03	-1.19595e-03	
1584	1.577280e-02	-1.77225e-03	-1.19595e-03	
1585	1.578280e-02	-1.77225e-03	-1.19595e-03	
1586	1.579280e-02	-1.77225e-03	-1.19595e-03	
1587	1.580280e-02	-1.77225e-03	-1.19595e-03	
1588	1.581280e-02	-1.77225e-03	-1.19595e-03	
1589	1.582280e-02	-1.77225e-03	-1.19595e-03	
1590	1.583280e-02	-1.77225e-03	-1.19595e-03	
1591	1.584280e-02	-1.77225e-03	-1.19595e-03	
1592	1.585280e-02	-1.77225e-03	-1.19595e-03	
1593	1.586280e-02	-1.77225e-03	-1.19595e-03	
1594	1.587280e-02	-1.77225e-03	-1.19595e-03	
1595	1.588280e-02	-1.77225e-03	-1.19595e-03	
1596	1.589280e-02	-1.77225e-03	-1.19595e-03	
1597	1.590280e-02	-1.77225e-03	-1.19595e-03	
1598	1.591280e-02	-1.77225e-03	-1.19595e-03	
1599	1.592280e-02	-1.77225e-03	-1.19595e-03	
1600	1.593280e-02	-1.77225e-03	-1.19595e-03	
1601	1.594280e-02	-1.77225e-03	-1.19595e-03	
1602	1.595280e-02	-1.77225e-03	-1.19595e-03	
1603	1.596280e-02	-1.77225e-03	-1.19595e-03	
1604	1.597280e-02	-1.77225e-03	-1.19595e-03	
1605	1.598280e-02	-1.77225e-03	-1.19595e-03	
1606	1.599280e-02	-1.77225e-03	-1.19595e-03	
1607	1.600280e-02	-1.77225e-03	-1.19595e-03	
1608	1.601280e-02	-1.77225e-03	-1.19595e-03	
1609	1.602280e-02	-1.77225e-03	-1.19595e-03	
1610	1.603280e-02	-1.77225e-03	-1.19595e-03	
1611	1.604280e-02	-1.77225e-03	-1.19595e-03	
1612	1.605280e-02	-1.77225e-03	-1.19595e-03	
1613	1.606280e-02	-1.77225e-03	-1.19595e-03	
1614	1.607280e-02	-1.77225e-03	-1.19595e-03	
1615	1.608280e-02	-1.77225e-03	-1.19595e-03	
1616	1.609280e-02	-1.77225e-03	-1.19595e-03	
1617	1.610280e-02	-1.77225e-03	-1.19595e-03	
1618	1.611280e-02	-1.77225e-03	-1.19595e-03	
1619	1.612280e-02	-1.77225e-03	-1.19595e-03	
1620	1.613280e-02	-1.77225e-03	-1.19595e-03	

Index   time            v1#branch       v2#branch       
--------------------------------------------------------------------------------
1621	1.614280e-02	-1.77225e-03	-1.19595e-03	
1622	1.615280e-02	-1.77225e-03	-1.19595e-03	
1623	1.616280e-02	-1.77225e-03	-1.19595e-03	
1624	1.617280e-02	-1.77225e-03	-1.19595e-03	
1625	1.618280e-02	-1.77225e-03	-1.19595e-03	
1626	1.619280e-02	-1.77225e-03	-1.19595e-03	
1627	1.620280e-02	-1.77225e-03	-1.19595e-03	
1628	1.621280e-02	-1.77225e-03	-1.19595e-03	
1629	1.622280e-02	-1.77225e-03	-1.19595e-03	
1630	1.623280e-02	-1.77225e-03	-1.19595e-03	
1631	1.624280e-02	-1.77225e-03	-1.19595e-03	
1632	1.625280e-02	-1.77225e-03	-1.19595e-03	
1633	1.626280e-02	-1.77225e-03	-1.19595e-03	
1634	1.627280e-02	-1.77225e-03	-1.19595e-03	
1635	1.628280e-02	-1.77225e-03	-1.19595e-03	
1636	1.629280e-02	-1.77225e-03	-1.19595e-03	
1637	1.630280e-02	-1.77225e-03	-1.19595e-03	
1638	1.631280e-02	-1.77225e-03	-1.19595e-03	
1639	1.632280e-02	-1.77225e-03	-1.19595e-03	
1640	1.633280e-02	-1.77225e-03	-1.19595e-03	
1641	1.634280e-02	-1.77225e-03	-1.19595e-03	
1642	1.635280e-02	-1.77225e-03	-1.19595e-03	
1643	1.636280e-02	-1.77225e-03	-1.19595e-03	
1644	1.637280e-02	-1.77225e-03	-1.19595e-03	
1645	1.638280e-02	-1.77225e-03	-1.19595e-03	
1646	1.639280e-02	-1.77225e-03	-1.19595e-03	
1647	1.640280e-02	-1.77225e-03	-1.19595e-03	
1648	1.641280e-02	-1.77225e-03	-1.19595e-03	
1649	1.642280e-02	-1.77225e-03	-1.19595e-03	
1650	1.643280e-02	-1.77225e-03	-1.19595e-03	
1651	1.644280e-02	-1.77225e-03	-1.19595e-03	
1652	1.645280e-02	-1.77225e-03	-1.19595e-03	
1653	1.646280e-02	-1.77225e-03	-1.19595e-03	
1654	1.647280e-02	-1.77225e-03	-1.19595e-03	
1655	1.648280e-02	-1.77225e-03	-1.19595e-03	
1656	1.649280e-02	-1.77225e-03	-1.19595e-03	
1657	1.650280e-02	-1.77225e-03	-1.19595e-03	
1658	1.651280e-02	-1.77225e-03	-1.19595e-03	
1659	1.652280e-02	-1.77225e-03	-1.19595e-03	
1660	1.653280e-02	-1.77225e-03	-1.19595e-03	
1661	1.654280e-02	-1.77225e-03	-1.19595e-03	
1662	1.655280e-02	-1.77225e-03	-1.19595e-03	
1663	1.656280e-02	-1.77225e-03	-1.19595e-03	
1664	1.657280e-02	-1.77225e-03	-1.19595e-03	
1665	1.658280e-02	-1.77225e-03	-1.19595e-03	
1666	1.659280e-02	-1.77225e-03	-1.19595e-03	
1667	1.660280e-02	-1.77225e-03	-1.19595e-03	
1668	1.661280e-02	-1.77225e-03	-1.19595e-03	
1669	1.662280e-02	-1.77225e-03	-1.19595e-03	
1670	1.663280e-02	-1.77225e-03	-1.19595e-03	
1671	1.664280e-02	-1.77225e-03	-1.19595e-03	
1672	1.665280e-02	-1.77225e-03	-1.19595e-03	
1673	1.666280e-02	-1.77225e-03	-1.19595e-03	
1674	1.667280e-02	-1.77225e-03	-1.19595e-03	
1675	1.668280e-02	-1.77225e-03	-1.19595e-03	
1676	1.669280e-02	-1.77225e-03	-1.19595e-03	
1677	1.670280e-02	-1.77225e-03	-1.19595e-03	
1678	1.671280e-02	-1.77225e-03	-1.19595e-03	

Index   time            v1#branch       v2#branch       
--------------------------------------------------------------------------------
1679	1.672280e-02	-1.77225e-03	-1.19595e-03	
1680	1.673280e-02	-1.77225e-03	-1.19595e-03	
1681	1.674280e-02	-1.77225e-03	-1.19595e-03	
1682	1.675280e-02	-1.77225e-03	-1.19595e-03	
1683	1.676280e-02	-1.77225e-03	-1.19595e-03	
1684	1.677280e-02	-1.77225e-03	-1.19595e-03	
1685	1.678280e-02	-1.77225e-03	-1.19595e-03	
1686	1.679280e-02	-1.77225e-03	-1.19595e-03	
1687	1.680280e-02	-1.77225e-03	-1.19595e-03	
1688	1.681280e-02	-1.77225e-03	-1.19595e-03	
1689	1.682280e-02	-1.77225e-03	-1.19595e-03	
1690	1.683280e-02	-1.77225e-03	-1.19595e-03	
1691	1.684280e-02	-1.77225e-03	-1.19595e-03	
1692	1.685280e-02	-1.77225e-03	-1.19595e-03	
1693	1.686280e-02	-1.77225e-03	-1.19595e-03	
1694	1.687280e-02	-1.77225e-03	-1.19595e-03	
1695	1.688280e-02	-1.77225e-03	-1.19595e-03	
1696	1.689280e-02	-1.77225e-03	-1.19595e-03	
1697	1.690280e-02	-1.77225e-03	-1.19595e-03	
1698	1.691280e-02	-1.77225e-03	-1.19595e-03	
1699	1.692280e-02	-1.77225e-03	-1.19595e-03	
1700	1.693280e-02	-1.77225e-03	-1.19595e-03	
1701	1.694280e-02	-1.77225e-03	-1.19595e-03	
1702	1.695280e-02	-1.77225e-03	-1.19595e-03	
1703	1.696280e-02	-1.77225e-03	-1.19595e-03	
1704	1.697280e-02	-1.77225e-03	-1.19595e-03	
1705	1.698280e-02	-1.77225e-03	-1.19595e-03	
1706	1.699280e-02	-1.77225e-03	-1.19595e-03	
1707	1.700280e-02	-1.77225e-03	-1.19595e-03	
1708	1.701280e-02	-1.77225e-03	-1.19595e-03	
1709	1.702280e-02	-1.77225e-03	-1.19595e-03	
1710	1.703280e-02	-1.77225e-03	-1.19595e-03	
1711	1.704280e-02	-1.77225e-03	-1.19595e-03	
1712	1.705280e-02	-1.77225e-03	-1.19595e-03	
1713	1.706280e-02	-1.77225e-03	-1.19595e-03	
1714	1.707280e-02	-1.77225e-03	-1.19595e-03	
1715	1.708280e-02	-1.77225e-03	-1.19595e-03	
1716	1.709280e-02	-1.77225e-03	-1.19595e-03	
1717	1.710280e-02	-1.77225e-03	-1.19595e-03	
1718	1.711280e-02	-1.77225e-03	-1.19595e-03	
1719	1.712280e-02	-1.77225e-03	-1.19595e-03	
1720	1.713280e-02	-1.77225e-03	-1.19595e-03	
1721	1.714280e-02	-1.77225e-03	-1.19595e-03	
1722	1.715280e-02	-1.77225e-03	-1.19595e-03	
1723	1.716280e-02	-1.77225e-03	-1.19595e-03	
1724	1.717280e-02	-1.77225e-03	-1.19595e-03	
1725	1.718280e-02	-1.77225e-03	-1.19595e-03	
1726	1.719280e-02	-1.77225e-03	-1.19595e-03	
1727	1.720280e-02	-1.77225e-03	-1.19595e-03	
1728	1.721280e-02	-1.77225e-03	-1.19595e-03	
1729	1.722280e-02	-1.77225e-03	-1.19595e-03	
1730	1.723280e-02	-1.77225e-03	-1.19595e-03	
1731	1.724280e-02	-1.77225e-03	-1.19595e-03	
1732	1.725280e-02	-1.77225e-03	-1.19595e-03	
1733	1.726280e-02	-1.77225e-03	-1.19595e-03	
1734	1.727280e-02	-1.77225e-03	-1.19595e-03	
1735	1.728280e-02	-1.77225e-03	-1.19595e-03	
1736	1.729280e-02	-1.77225e-03	-1.19595e-03	

Index   time            v1#branch       v2#branch       
--------------------------------------------------------------------------------
1737	1.730280e-02	-1.77225e-03	-1.19595e-03	
1738	1.731280e-02	-1.77225e-03	-1.19595e-03	
1739	1.732280e-02	-1.77225e-03	-1.19595e-03	
1740	1.733280e-02	-1.77225e-03	-1.19595e-03	
1741	1.734280e-02	-1.77225e-03	-1.19595e-03	
1742	1.735280e-02	-1.77225e-03	-1.19595e-03	
1743	1.736280e-02	-1.77225e-03	-1.19595e-03	
1744	1.737280e-02	-1.77225e-03	-1.19595e-03	
1745	1.738280e-02	-1.77225e-03	-1.19595e-03	
1746	1.739280e-02	-1.77225e-03	-1.19595e-03	
1747	1.740280e-02	-1.77225e-03	-1.19595e-03	
1748	1.741280e-02	-1.77225e-03	-1.19595e-03	
1749	1.742280e-02	-1.77225e-03	-1.19595e-03	
1750	1.743280e-02	-1.77225e-03	-1.19595e-03	
1751	1.744280e-02	-1.77225e-03	-1.19595e-03	
1752	1.745280e-02	-1.77225e-03	-1.19595e-03	
1753	1.746280e-02	-1.77225e-03	-1.19595e-03	
1754	1.747280e-02	-1.77225e-03	-1.19595e-03	
1755	1.748280e-02	-1.77225e-03	-1.19595e-03	
1756	1.749280e-02	-1.77225e-03	-1.19595e-03	
1757	1.750280e-02	-1.77225e-03	-1.19595e-03	
1758	1.751280e-02	-1.77225e-03	-1.19595e-03	
1759	1.752280e-02	-1.77225e-03	-1.19595e-03	
1760	1.753280e-02	-1.77225e-03	-1.19595e-03	
1761	1.754280e-02	-1.77225e-03	-1.19595e-03	
1762	1.755280e-02	-1.77225e-03	-1.19595e-03	
1763	1.756280e-02	-1.77225e-03	-1.19595e-03	
1764	1.757280e-02	-1.77225e-03	-1.19595e-03	
1765	1.758280e-02	-1.77225e-03	-1.19595e-03	
1766	1.759280e-02	-1.77225e-03	-1.19595e-03	
1767	1.760280e-02	-1.77225e-03	-1.19595e-03	
1768	1.761280e-02	-1.77225e-03	-1.19595e-03	
1769	1.762280e-02	-1.77225e-03	-1.19595e-03	
1770	1.763280e-02	-1.77225e-03	-1.19595e-03	
1771	1.764280e-02	-1.77225e-03	-1.19595e-03	
1772	1.765280e-02	-1.77225e-03	-1.19595e-03	
1773	1.766280e-02	-1.77225e-03	-1.19595e-03	
1774	1.767280e-02	-1.77225e-03	-1.19595e-03	
1775	1.768280e-02	-1.77225e-03	-1.19595e-03	
1776	1.769280e-02	-1.77225e-03	-1.19595e-03	
1777	1.770280e-02	-1.77225e-03	-1.19595e-03	
1778	1.771280e-02	-1.77225e-03	-1.19595e-03	
1779	1.772280e-02	-1.77225e-03	-1.19595e-03	
1780	1.773280e-02	-1.77225e-03	-1.19595e-03	
1781	1.774280e-02	-1.77225e-03	-1.19595e-03	
1782	1.775280e-02	-1.77225e-03	-1.19595e-03	
1783	1.776280e-02	-1.77225e-03	-1.19595e-03	
1784	1.777280e-02	-1.77225e-03	-1.19595e-03	
1785	1.778280e-02	-1.77225e-03	-1.19595e-03	
1786	1.779280e-02	-1.77225e-03	-1.19595e-03	
1787	1.780280e-02	-1.77225e-03	-1.19595e-03	
1788	1.781280e-02	-1.77225e-03	-1.19595e-03	
1789	1.782280e-02	-1.77225e-03	-1.19595e-03	
1790	1.783280e-02	-1.77225e-03	-1.19595e-03	
1791	1.784280e-02	-1.77225e-03	-1.19595e-03	
1792	1.785280e-02	-1.77225e-03	-1.19595e-03	
1793	1.786280e-02	-1.77225e-03	-1.19595e-03	
1794	1.787280e-02	-1.77225e-03	-1.19595e-03	

Index   time            v1#branch       v2#branch       
--------------------------------------------------------------------------------
1795	1.788280e-02	-1.77225e-03	-1.19595e-03	
1796	1.789280e-02	-1.77225e-03	-1.19595e-03	
1797	1.790280e-02	-1.77225e-03	-1.19595e-03	
1798	1.791280e-02	-1.77225e-03	-1.19595e-03	
1799	1.792280e-02	-1.77225e-03	-1.19595e-03	
1800	1.793280e-02	-1.77225e-03	-1.19595e-03	
1801	1.794280e-02	-1.77225e-03	-1.19595e-03	
1802	1.795280e-02	-1.77225e-03	-1.19595e-03	
1803	1.796280e-02	-1.77225e-03	-1.19595e-03	
1804	1.797280e-02	-1.77225e-03	-1.19595e-03	
1805	1.798280e-02	-1.77225e-03	-1.19595e-03	
1806	1.799280e-02	-1.77225e-03	-1.19595e-03	
1807	1.800280e-02	-1.77225e-03	-1.19595e-03	
1808	1.801280e-02	-1.77225e-03	-1.19595e-03	
1809	1.802280e-02	-1.77225e-03	-1.19595e-03	
1810	1.803280e-02	-1.77225e-03	-1.19595e-03	
1811	1.804280e-02	-1.77225e-03	-1.19595e-03	
1812	1.805280e-02	-1.77225e-03	-1.19595e-03	
1813	1.806280e-02	-1.77225e-03	-1.19595e-03	
1814	1.807280e-02	-1.77225e-03	-1.19595e-03	
1815	1.808280e-02	-1.77225e-03	-1.19595e-03	
1816	1.809280e-02	-1.77225e-03	-1.19595e-03	
1817	1.810280e-02	-1.77225e-03	-1.19595e-03	
1818	1.811280e-02	-1.77225e-03	-1.19595e-03	
1819	1.812280e-02	-1.77225e-03	-1.19595e-03	
1820	1.813280e-02	-1.77225e-03	-1.19595e-03	
1821	1.814280e-02	-1.77225e-03	-1.19595e-03	
1822	1.815280e-02	-1.77225e-03	-1.19595e-03	
1823	1.816280e-02	-1.77225e-03	-1.19595e-03	
1824	1.817280e-02	-1.77225e-03	-1.19595e-03	
1825	1.818280e-02	-1.77225e-03	-1.19595e-03	
1826	1.819280e-02	-1.77225e-03	-1.19595e-03	
1827	1.820280e-02	-1.77225e-03	-1.19595e-03	
1828	1.821280e-02	-1.77225e-03	-1.19595e-03	
1829	1.822280e-02	-1.77225e-03	-1.19595e-03	
1830	1.823280e-02	-1.77225e-03	-1.19595e-03	
1831	1.824280e-02	-1.77225e-03	-1.19595e-03	
1832	1.825280e-02	-1.77225e-03	-1.19595e-03	
1833	1.826280e-02	-1.77225e-03	-1.19595e-03	
1834	1.827280e-02	-1.77225e-03	-1.19595e-03	
1835	1.828280e-02	-1.77225e-03	-1.19595e-03	
1836	1.829280e-02	-1.77225e-03	-1.19595e-03	
1837	1.830280e-02	-1.77225e-03	-1.19595e-03	
1838	1.831280e-02	-1.77225e-03	-1.19595e-03	
1839	1.832280e-02	-1.77225e-03	-1.19595e-03	
1840	1.833280e-02	-1.77225e-03	-1.19595e-03	
1841	1.834280e-02	-1.77225e-03	-1.19595e-03	
1842	1.835280e-02	-1.77225e-03	-1.19595e-03	
1843	1.836280e-02	-1.77225e-03	-1.19595e-03	
1844	1.837280e-02	-1.77225e-03	-1.19595e-03	
1845	1.838280e-02	-1.77225e-03	-1.19595e-03	
1846	1.839280e-02	-1.77225e-03	-1.19595e-03	
1847	1.840280e-02	-1.77225e-03	-1.19595e-03	
1848	1.841280e-02	-1.77225e-03	-1.19595e-03	
1849	1.842280e-02	-1.77225e-03	-1.19595e-03	
1850	1.843280e-02	-1.77225e-03	-1.19595e-03	
1851	1.844280e-02	-1.77225e-03	-1.19595e-03	
1852	1.845280e-02	-1.77225e-03	-1.19595e-03	

Index   time            v1#branch       v2#branch       
--------------------------------------------------------------------------------
1853	1.846280e-02	-1.77225e-03	-1.19595e-03	
1854	1.847280e-02	-1.77225e-03	-1.19595e-03	
1855	1.848280e-02	-1.77225e-03	-1.19595e-03	
1856	1.849280e-02	-1.77225e-03	-1.19595e-03	
1857	1.850280e-02	-1.77225e-03	-1.19595e-03	
1858	1.851280e-02	-1.77225e-03	-1.19595e-03	
1859	1.852280e-02	-1.77225e-03	-1.19595e-03	
1860	1.853280e-02	-1.77225e-03	-1.19595e-03	
1861	1.854280e-02	-1.77225e-03	-1.19595e-03	
1862	1.855280e-02	-1.77225e-03	-1.19595e-03	
1863	1.856280e-02	-1.77225e-03	-1.19595e-03	
1864	1.857280e-02	-1.77225e-03	-1.19595e-03	
1865	1.858280e-02	-1.77225e-03	-1.19595e-03	
1866	1.859280e-02	-1.77225e-03	-1.19595e-03	
1867	1.860280e-02	-1.77225e-03	-1.19595e-03	
1868	1.861280e-02	-1.77225e-03	-1.19595e-03	
1869	1.862280e-02	-1.77225e-03	-1.19595e-03	
1870	1.863280e-02	-1.77225e-03	-1.19595e-03	
1871	1.864280e-02	-1.77225e-03	-1.19595e-03	
1872	1.865280e-02	-1.77225e-03	-1.19595e-03	
1873	1.866280e-02	-1.77225e-03	-1.19595e-03	
1874	1.867280e-02	-1.77225e-03	-1.19595e-03	
1875	1.868280e-02	-1.77225e-03	-1.19595e-03	
1876	1.869280e-02	-1.77225e-03	-1.19595e-03	
1877	1.870280e-02	-1.77225e-03	-1.19595e-03	
1878	1.871280e-02	-1.77225e-03	-1.19595e-03	
1879	1.872280e-02	-1.77225e-03	-1.19595e-03	
1880	1.873280e-02	-1.77225e-03	-1.19595e-03	
1881	1.874280e-02	-1.77225e-03	-1.19595e-03	
1882	1.875280e-02	-1.77225e-03	-1.19595e-03	
1883	1.876280e-02	-1.77225e-03	-1.19595e-03	
1884	1.877280e-02	-1.77225e-03	-1.19595e-03	
1885	1.878280e-02	-1.77225e-03	-1.19595e-03	
1886	1.879280e-02	-1.77225e-03	-1.19595e-03	
1887	1.880280e-02	-1.77225e-03	-1.19595e-03	
1888	1.881280e-02	-1.77225e-03	-1.19595e-03	
1889	1.882280e-02	-1.77225e-03	-1.19595e-03	
1890	1.883280e-02	-1.77225e-03	-1.19595e-03	
1891	1.884280e-02	-1.77225e-03	-1.19595e-03	
1892	1.885280e-02	-1.77225e-03	-1.19595e-03	
1893	1.886280e-02	-1.77225e-03	-1.19595e-03	
1894	1.887280e-02	-1.77225e-03	-1.19595e-03	
1895	1.888280e-02	-1.77225e-03	-1.19595e-03	
1896	1.889280e-02	-1.77225e-03	-1.19595e-03	
1897	1.890280e-02	-1.77225e-03	-1.19595e-03	
1898	1.891280e-02	-1.77225e-03	-1.19595e-03	
1899	1.892280e-02	-1.77225e-03	-1.19595e-03	
1900	1.893280e-02	-1.77225e-03	-1.19595e-03	
1901	1.894280e-02	-1.77225e-03	-1.19595e-03	
1902	1.895280e-02	-1.77225e-03	-1.19595e-03	
1903	1.896280e-02	-1.77225e-03	-1.19595e-03	
1904	1.897280e-02	-1.77225e-03	-1.19595e-03	
1905	1.898280e-02	-1.77225e-03	-1.19595e-03	
1906	1.899280e-02	-1.77225e-03	-1.19595e-03	
1907	1.900280e-02	-1.77225e-03	-1.19595e-03	
1908	1.901280e-02	-1.77225e-03	-1.19595e-03	
1909	1.902280e-02	-1.77225e-03	-1.19595e-03	
1910	1.903280e-02	-1.77225e-03	-1.19595e-03	

Index   time            v1#branch       v2#branch       
--------------------------------------------------------------------------------
1911	1.904280e-02	-1.77225e-03	-1.19595e-03	
1912	1.905280e-02	-1.77225e-03	-1.19595e-03	
1913	1.906280e-02	-1.77225e-03	-1.19595e-03	
1914	1.907280e-02	-1.77225e-03	-1.19595e-03	
1915	1.908280e-02	-1.77225e-03	-1.19595e-03	
1916	1.909280e-02	-1.77225e-03	-1.19595e-03	
1917	1.910280e-02	-1.77225e-03	-1.19595e-03	
1918	1.911280e-02	-1.77225e-03	-1.19595e-03	
1919	1.912280e-02	-1.77225e-03	-1.19595e-03	
1920	1.913280e-02	-1.77225e-03	-1.19595e-03	
1921	1.914280e-02	-1.77225e-03	-1.19595e-03	
1922	1.915280e-02	-1.77225e-03	-1.19595e-03	
1923	1.916280e-02	-1.77225e-03	-1.19595e-03	
1924	1.917280e-02	-1.77225e-03	-1.19595e-03	
1925	1.918280e-02	-1.77225e-03	-1.19595e-03	
1926	1.919280e-02	-1.77225e-03	-1.19595e-03	
1927	1.920280e-02	-1.77225e-03	-1.19595e-03	
1928	1.921280e-02	-1.77225e-03	-1.19595e-03	
1929	1.922280e-02	-1.77225e-03	-1.19595e-03	
1930	1.923280e-02	-1.77225e-03	-1.19595e-03	
1931	1.924280e-02	-1.77225e-03	-1.19595e-03	
1932	1.925280e-02	-1.77225e-03	-1.19595e-03	
1933	1.926280e-02	-1.77225e-03	-1.19595e-03	
1934	1.927280e-02	-1.77225e-03	-1.19595e-03	
1935	1.928280e-02	-1.77225e-03	-1.19595e-03	
1936	1.929280e-02	-1.77225e-03	-1.19595e-03	
1937	1.930280e-02	-1.77225e-03	-1.19595e-03	
1938	1.931280e-02	-1.77225e-03	-1.19595e-03	
1939	1.932280e-02	-1.77225e-03	-1.19595e-03	
1940	1.933280e-02	-1.77225e-03	-1.19595e-03	
1941	1.934280e-02	-1.77225e-03	-1.19595e-03	
1942	1.935280e-02	-1.77225e-03	-1.19595e-03	
1943	1.936280e-02	-1.77225e-03	-1.19595e-03	
1944	1.937280e-02	-1.77225e-03	-1.19595e-03	
1945	1.938280e-02	-1.77225e-03	-1.19595e-03	
1946	1.939280e-02	-1.77225e-03	-1.19595e-03	
1947	1.940280e-02	-1.77225e-03	-1.19595e-03	
1948	1.941280e-02	-1.77225e-03	-1.19595e-03	
1949	1.942280e-02	-1.77225e-03	-1.19595e-03	
1950	1.943280e-02	-1.77225e-03	-1.19595e-03	
1951	1.944280e-02	-1.77225e-03	-1.19595e-03	
1952	1.945280e-02	-1.77225e-03	-1.19595e-03	
1953	1.946280e-02	-1.77225e-03	-1.19595e-03	
1954	1.947280e-02	-1.77225e-03	-1.19595e-03	
1955	1.948280e-02	-1.77225e-03	-1.19595e-03	
1956	1.949280e-02	-1.77225e-03	-1.19595e-03	
1957	1.950280e-02	-1.77225e-03	-1.19595e-03	
1958	1.951280e-02	-1.77225e-03	-1.19595e-03	
1959	1.952280e-02	-1.77225e-03	-1.19595e-03	
1960	1.953280e-02	-1.77225e-03	-1.19595e-03	
1961	1.954280e-02	-1.77225e-03	-1.19595e-03	
1962	1.955280e-02	-1.77225e-03	-1.19595e-03	
1963	1.956280e-02	-1.77225e-03	-1.19595e-03	
1964	1.957280e-02	-1.77225e-03	-1.19595e-03	
1965	1.958280e-02	-1.77225e-03	-1.19595e-03	
1966	1.959280e-02	-1.77225e-03	-1.19595e-03	
1967	1.960280e-02	-1.77225e-03	-1.19595e-03	
1968	1.961280e-02	-1.77225e-03	-1.19595e-03	

Index   time            v1#branch       v2#branch       
--------------------------------------------------------------------------------
1969	1.962280e-02	-1.77225e-03	-1.19595e-03	
1970	1.963280e-02	-1.77225e-03	-1.19595e-03	
1971	1.964280e-02	-1.77225e-03	-1.19595e-03	
1972	1.965280e-02	-1.77225e-03	-1.19595e-03	
1973	1.966280e-02	-1.77225e-03	-1.19595e-03	
1974	1.967280e-02	-1.77225e-03	-1.19595e-03	
1975	1.968280e-02	-1.77225e-03	-1.19595e-03	
1976	1.969280e-02	-1.77225e-03	-1.19595e-03	
1977	1.970280e-02	-1.77225e-03	-1.19595e-03	
1978	1.971280e-02	-1.77225e-03	-1.19595e-03	
1979	1.972280e-02	-1.77225e-03	-1.19595e-03	
1980	1.973280e-02	-1.77225e-03	-1.19595e-03	
1981	1.974280e-02	-1.77225e-03	-1.19595e-03	
1982	1.975280e-02	-1.77225e-03	-1.19595e-03	
1983	1.976280e-02	-1.77225e-03	-1.19595e-03	
1984	1.977280e-02	-1.77225e-03	-1.19595e-03	
1985	1.978280e-02	-1.77225e-03	-1.19595e-03	
1986	1.979280e-02	-1.77225e-03	-1.19595e-03	
1987	1.980280e-02	-1.77225e-03	-1.19595e-03	
1988	1.981280e-02	-1.77225e-03	-1.19595e-03	
1989	1.982280e-02	-1.77225e-03	-1.19595e-03	
1990	1.983280e-02	-1.77225e-03	-1.19595e-03	
1991	1.984280e-02	-1.77225e-03	-1.19595e-03	
1992	1.985280e-02	-1.77225e-03	-1.19595e-03	
1993	1.986280e-02	-1.77225e-03	-1.19595e-03	
1994	1.987280e-02	-1.77225e-03	-1.19595e-03	
1995	1.988280e-02	-1.77225e-03	-1.19595e-03	
1996	1.989280e-02	-1.77225e-03	-1.19595e-03	
1997	1.990280e-02	-1.77225e-03	-1.19595e-03	
1998	1.991280e-02	-1.77225e-03	-1.19595e-03	
1999	1.992280e-02	-1.77225e-03	-1.19595e-03	
2000	1.993280e-02	-1.77225e-03	-1.19595e-03	
2001	1.994280e-02	-1.77225e-03	-1.19595e-03	
2002	1.995280e-02	-1.77225e-03	-1.19595e-03	
2003	1.996280e-02	-1.77225e-03	-1.19595e-03	
2004	1.997280e-02	-1.77225e-03	-1.19595e-03	
2005	1.998280e-02	-1.77225e-03	-1.19595e-03	
2006	1.999280e-02	-1.77225e-03	-1.19595e-03	
2007	2.000000e-02	-1.77225e-03	-1.19595e-03	
